1483
-248.1 7.89328e-05
-247.9 7.89328e-05
-247.7 7.89328e-05
-247.5 7.89328e-05
-247.3 7.89328e-05
-247.1 0.000236798
-246.9 0.000236798
-246.7 0.000315731
-246.5 0.000315731
-246.3 0.000315731
-246.1 0.000315731
-245.9 0.000315731
-245.7 0.000315731
-245.5 0.000315731
-245.3 0.000315731
-245.1 0.000315731
-244.9 0.000315731
-244.7 0.000315731
-244.5 0.000315731
-244.3 0.000315731
-244.1 0.000315731
-243.9 0.000315731
-243.7 0.000315731
-243.5 0.000315731
-243.3 0.000315731
-243.1 0.000315731
-242.9 0.000315731
-242.7 0.000315731
-242.5 0.000315731
-242.3 0.000315731
-242.1 0.000315731
-241.9 0.000315731
-241.7 0.000315731
-241.5 0.000315731
-241.3 0.000315731
-241.1 0.000315731
-240.9 0.000315731
-240.7 0.000315731
-240.5 0.000315731
-240.3 0.000394664
-240.1 0.000394664
-239.9 0.000394664
-239.7 0.000394664
-239.5 0.000394664
-239.3 0.000394664
-239.1 0.000394664
-238.9 0.000394664
-238.7 0.000394664
-238.5 0.000394664
-238.3 0.000394664
-238.1 0.000473597
-237.9 0.000473597
-237.7 0.000473597
-237.5 0.000473597
-237.3 0.000473597
-237.1 0.000473597
-236.9 0.000473597
-236.7 0.000473597
-236.5 0.000473597
-236.3 0.000473597
-236.1 0.000473597
-235.9 0.000473597
-235.7 0.000473597
-235.5 0.000473597
-235.3 0.000473597
-235.1 0.000473597
-234.9 0.000473597
-234.7 0.000473597
-234.5 0.000473597
-234.3 0.000473597
-234.1 0.000473597
-233.9 0.000473597
-233.7 0.000473597
-233.5 0.000473597
-233.3 0.000473597
-233.1 0.000473597
-232.9 0.000473597
-232.7 0.00055253
-232.5 0.00055253
-232.3 0.00055253
-232.1 0.00055253
-231.9 0.00055253
-231.7 0.00055253
-231.5 0.00055253
-231.3 0.00055253
-231.1 0.00055253
-230.9 0.00055253
-230.7 0.00055253
-230.5 0.00055253
-230.3 0.00055253
-230.1 0.00055253
-229.9 0.00055253
-229.7 0.00055253
-229.5 0.00055253
-229.3 0.000631463
-229.1 0.000631463
-228.9 0.000631463
-228.7 0.000631463
-228.5 0.000631463
-228.3 0.000631463
-228.1 0.000631463
-227.9 0.000631463
-227.7 0.000631463
-227.5 0.000631463
-227.3 0.000631463
-227.1 0.000631463
-226.9 0.000710395
-226.7 0.000710395
-226.5 0.000710395
-226.3 0.000710395
-226.1 0.000710395
-225.9 0.000710395
-225.7 0.000710395
-225.5 0.000710395
-225.3 0.000710395
-225.1 0.000710395
-224.9 0.000710395
-224.7 0.000710395
-224.5 0.000789328
-224.3 0.000789328
-224.1 0.000789328
-223.9 0.000789328
-223.7 0.000789328
-223.5 0.000789328
-223.3 0.000789328
-223.1 0.000789328
-222.9 0.000789328
-222.7 0.000789328
-222.5 0.000789328
-222.3 0.000789328
-222.1 0.000789328
-221.9 0.000789328
-221.7 0.000789328
-221.5 0.000789328
-221.3 0.000789328
-221.1 0.000789328
-220.9 0.000789328
-220.7 0.000789328
-220.5 0.000789328
-220.3 0.000789328
-220.1 0.000789328
-219.9 0.000789328
-219.7 0.000789328
-219.5 0.000868261
-219.3 0.000868261
-219.1 0.000868261
-218.9 0.000868261
-218.7 0.000868261
-218.5 0.000868261
-218.3 0.000868261
-218.1 0.000868261
-217.9 0.000868261
-217.7 0.000868261
-217.5 0.000868261
-217.3 0.000868261
-217.1 0.000947194
-216.9 0.000947194
-216.7 0.000947194
-216.5 0.000947194
-216.3 0.000947194
-216.1 0.000947194
-215.9 0.000947194
-215.7 0.000947194
-215.5 0.000947194
-215.3 0.000947194
-215.1 0.000947194
-214.9 0.000947194
-214.7 0.000947194
-214.5 0.00102613
-214.3 0.00102613
-214.1 0.00110506
-213.9 0.00110506
-213.7 0.00110506
-213.5 0.00110506
-213.3 0.00118399
-213.1 0.00118399
-212.9 0.00126293
-212.7 0.00126293
-212.5 0.00142079
-212.3 0.00142079
-212.1 0.00165759
-211.9 0.00181546
-211.7 0.00221012
-211.5 0.00252585
-211.3 0.00299945
-211.1 0.00402557
-210.9 0.00513063
-210.7 0.00647249
-210.5 0.00828795
-210.3 0.00899834
-210.1 0.0111295
-209.9 0.0131818
-209.7 0.015234
-209.5 0.0172074
-209.3 0.0196543
-209.1 0.0225748
-208.9 0.0244692
-208.7 0.0262846
-208.5 0.0290473
-208.3 0.0314942
-208.1 0.0331518
-207.9 0.0348883
-207.7 0.0369406
-207.5 0.0385192
-207.3 0.0410451
-207.1 0.0425448
-206.9 0.0453864
-206.7 0.047044
-206.5 0.0492541
-206.3 0.0509117
-206.1 0.0530429
-205.9 0.0544637
-205.7 0.0554108
-205.5 0.0568316
-205.3 0.0582524
-205.1 0.0593575
-204.9 0.0602257
-204.7 0.0616465
-204.5 0.0631463
-204.3 0.0648828
-204.1 0.065751
-203.9 0.0671718
-203.7 0.0686716
-203.5 0.070487
-203.3 0.0719078
-203.1 0.074039
-202.9 0.0755387
-202.7 0.0777488
-202.5 0.0794064
-202.3 0.0807483
-202.1 0.082248
-201.9 0.0830373
-201.7 0.0843792
-201.5 0.0854053
-201.3 0.086905
-201.1 0.0888784
-200.9 0.0902992
-200.7 0.0914042
-200.5 0.0925882
-200.3 0.0934565
-200.1 0.0950351
-199.9 0.0962191
-199.7 0.0977978
-199.5 0.0993764
-199.3 0.101113
-199.1 0.102534
-198.9 0.104349
-198.7 0.105612
-198.5 0.106401
-198.3 0.10727
-198.1 0.108612
-197.9 0.110348
-197.7 0.11169
-197.5 0.112242
-197.3 0.113426
-197.1 0.115321
-196.9 0.1169
-196.7 0.118794
-196.5 0.119583
-196.3 0.120767
-196.1 0.121793
-195.9 0.123214
-195.7 0.124872
-195.5 0.126293
-195.3 0.127871
-195.1 0.128818
-194.9 0.129766
-194.7 0.131028
-194.5 0.132212
-194.3 0.133002
-194.1 0.134107
-193.9 0.135212
-193.7 0.136633
-193.5 0.137738
-193.3 0.138922
-193.1 0.139632
-192.9 0.140264
-192.7 0.141605
-192.5 0.143184
-192.3 0.144368
-192.1 0.14571
-191.9 0.146815
-191.7 0.14721
-191.5 0.148631
-191.3 0.149972
-191.1 0.151077
-190.9 0.152182
-190.7 0.153209
-190.5 0.153998
-190.3 0.154629
-190.1 0.154945
-189.9 0.155813
-189.7 0.156603
-189.5 0.157708
-189.3 0.158655
-189.1 0.159681
-188.9 0.160707
-188.7 0.161733
-188.5 0.162759
-188.3 0.163549
-188.1 0.164654
-187.9 0.165206
-187.7 0.166469
-187.5 0.167417
-187.3 0.168206
-187.1 0.168916
-186.9 0.170021
-186.7 0.17089
-186.5 0.17231
-186.3 0.173336
-186.1 0.173968
-185.9 0.174599
-185.7 0.176099
-185.5 0.177046
-185.3 0.178151
-185.1 0.178783
-184.9 0.179493
-184.7 0.180519
-184.5 0.181546
-184.3 0.182177
-184.1 0.182808
-183.9 0.183835
-183.7 0.184861
-183.5 0.185334
-183.3 0.186281
-183.1 0.18715
-182.9 0.188018
-182.7 0.188571
-182.5 0.189518
-182.3 0.19007
-182.1 0.190939
-181.9 0.191886
-181.7 0.192596
-181.5 0.193228
-181.3 0.19378
-181.1 0.194333
-180.9 0.195201
-180.7 0.195517
-180.5 0.197016
-180.3 0.198042
-180.1 0.199226
-179.9 0.199858
-179.7 0.200568
-179.5 0.201279
-179.3 0.202621
-179.1 0.204041
-178.9 0.204357
-178.7 0.205225
-178.5 0.206173
-178.3 0.207278
-178.1 0.208304
-177.9 0.208935
-177.7 0.210119
-177.5 0.211145
-177.3 0.211777
-177.1 0.212724
-176.9 0.213355
-176.7 0.214618
-176.5 0.216039
-176.3 0.216986
-176.1 0.217697
-175.9 0.218881
-175.7 0.219512
-175.5 0.220065
-175.3 0.220854
-175.1 0.221249
-174.9 0.221643
-174.7 0.222512
-174.5 0.223301
-174.3 0.223854
-174.1 0.224959
-173.9 0.226221
-173.7 0.227405
-173.5 0.228037
-173.3 0.228747
-173.1 0.229852
-172.9 0.2308
-172.7 0.231589
-172.5 0.23301
-172.3 0.234036
-172.1 0.23443
-171.9 0.235457
-171.7 0.236404
-171.5 0.236877
-171.3 0.237746
-171.1 0.23814
-170.9 0.238772
-170.7 0.239956
-170.5 0.240824
-170.3 0.241534
-170.1 0.242008
-169.9 0.24264
-169.7 0.243508
-169.5 0.244455
-169.3 0.245323
-169.1 0.24627
-168.9 0.247218
-168.7 0.247533
-168.5 0.248796
-168.3 0.249665
-168.1 0.250296
-167.9 0.251559
-167.7 0.25219
-167.5 0.253927
-167.3 0.254558
-167.1 0.254953
-166.9 0.255742
-166.7 0.256295
-166.5 0.257163
-166.3 0.258268
-166.1 0.259136
-165.9 0.260478
-165.7 0.261741
-165.5 0.262452
-165.3 0.263241
-165.1 0.264662
-164.9 0.265688
-164.7 0.266083
-164.5 0.26703
-164.3 0.268056
-164.1 0.269082
-163.9 0.270108
-163.7 0.27074
-163.5 0.271766
-163.3 0.272397
-163.1 0.273108
-162.9 0.274449
-162.7 0.275633
-162.5 0.276344
-162.3 0.277528
-162.1 0.278475
-161.9 0.279738
-161.7 0.28029
-161.5 0.281001
-161.3 0.282027
-161.1 0.282737
-160.9 0.283606
-160.7 0.284316
-160.5 0.285342
-160.3 0.285974
-160.1 0.286921
-159.9 0.287473
-159.7 0.288342
-159.5 0.28921
-159.3 0.290236
-159.1 0.291183
-158.9 0.29213
-158.7 0.292288
-158.5 0.293235
-158.3 0.294419
-158.1 0.295446
-157.9 0.296314
-157.7 0.297814
-157.5 0.298524
-157.3 0.299471
-157.1 0.300813
-156.9 0.301602
-156.7 0.303023
-156.5 0.303576
-156.3 0.304523
-156.1 0.305391
-155.9 0.306575
-155.7 0.307601
-155.5 0.308864
-155.3 0.309653
-155.1 0.310364
-154.9 0.310995
-154.7 0.311943
-154.5 0.3121
-154.3 0.31289
-154.1 0.3136
-153.9 0.314232
-153.7 0.314705
-153.5 0.315258
-153.3 0.315731
-153.1 0.316521
-152.9 0.31731
-152.7 0.318257
-152.5 0.31881
-152.3 0.319836
-152.1 0.320546
-151.9 0.321809
-151.7 0.322993
-151.5 0.323625
-151.3 0.324335
-151.1 0.325361
-150.9 0.32615
-150.7 0.326545
-150.5 0.327098
-150.3 0.327729
-150.1 0.328282
-149.9 0.329071
-149.7 0.330097
-149.5 0.330571
-149.3 0.331439
-149.1 0.332386
-148.9 0.333018
-148.7 0.33357
-148.5 0.334359
-148.3 0.335543
-148.1 0.336649
-147.9 0.337438
-147.7 0.338385
-147.5 0.339332
-147.3 0.340358
-147.1 0.341069
-146.9 0.341937
-146.7 0.343121
-146.5 0.343674
-146.3 0.344384
-146.1 0.345173
-145.9 0.345963
-145.7 0.346989
-145.5 0.347462
-145.3 0.348331
-145.1 0.349199
-144.9 0.350146
-144.7 0.350777
-144.5 0.35133
-144.3 0.351961
-144.1 0.352672
-143.9 0.35354
-143.7 0.354566
-143.5 0.355356
-143.3 0.356145
-143.1 0.356776
-142.9 0.35725
-142.7 0.358039
-142.5 0.358671
-142.3 0.359697
-142.1 0.360644
-141.9 0.361749
-141.7 0.362775
-141.5 0.363722
-141.3 0.364749
-141.1 0.365775
-140.9 0.366564
-140.7 0.367669
-140.5 0.368774
-140.3 0.369406
-140.1 0.370195
-139.9 0.370905
-139.7 0.371616
-139.5 0.372326
-139.3 0.373115
-139.1 0.374378
-138.9 0.37501
-138.7 0.375878
-138.5 0.377299
-138.3 0.378878
-138.1 0.37943
-137.9 0.379983
-137.7 0.380693
-137.5 0.381246
-137.3 0.382035
-137.1 0.383061
-136.9 0.383692
-136.7 0.385113
-136.5 0.385982
-136.3 0.387087
-136.1 0.387876
-135.9 0.388823
-135.7 0.389691
-135.5 0.390717
-135.3 0.391665
-135.1 0.392454
-134.9 0.393401
-134.7 0.394664
-134.5 0.395532
-134.3 0.396559
-134.1 0.39719
-133.9 0.398058
-133.7 0.39869
-133.5 0.399163
-133.3 0.399953
-133.1 0.401058
-132.9 0.401768
-132.7 0.402873
-132.5 0.403899
-132.3 0.404846
-132.1 0.405873
-131.9 0.406662
-131.7 0.407372
-131.5 0.407925
-131.3 0.408635
-131.1 0.409267
-130.9 0.410609
-130.7 0.41124
-130.5 0.411714
-130.3 0.412345
-130.1 0.413292
-129.9 0.413766
-129.7 0.414476
-129.5 0.415187
-129.3 0.415976
-129.1 0.416607
-128.9 0.41716
-128.7 0.417791
-128.5 0.418502
-128.3 0.419291
-128.1 0.420238
-127.9 0.421343
-127.7 0.421896
-127.5 0.422922
-127.3 0.423711
-127.1 0.424422
-126.9 0.425527
-126.7 0.426
-126.5 0.42679
-126.3 0.427342
-126.1 0.428053
-125.9 0.429
-125.7 0.429316
-125.5 0.430421
-125.3 0.43121
-125.1 0.431763
-124.9 0.432789
-124.7 0.433973
-124.5 0.434683
-124.3 0.435393
-124.1 0.436577
-123.9 0.437446
-123.7 0.438472
-123.5 0.43934
-123.3 0.440129
-123.1 0.440682
-122.9 0.441235
-122.7 0.441945
-122.5 0.442734
-122.3 0.443681
-122.1 0.444471
-121.9 0.445497
-121.7 0.446207
-121.5 0.447233
-121.3 0.448102
-121.1 0.449128
-120.9 0.449917
-120.7 0.450785
-120.5 0.45189
-120.3 0.452917
-120.1 0.453785
-119.9 0.454179
-119.7 0.455363
-119.5 0.456074
-119.3 0.456784
-119.1 0.457968
-118.9 0.459073
-118.7 0.459626
-118.5 0.460652
-118.3 0.461836
-118.1 0.462625
-117.9 0.463257
-117.7 0.46373
-117.5 0.464835
-117.3 0.465862
-117.1 0.466651
-116.9 0.467282
-116.7 0.468151
-116.5 0.468782
-116.3 0.469808
-116.1 0.470755
-115.9 0.471624
-115.7 0.472887
-115.5 0.473913
-115.3 0.474702
-115.1 0.475649
-114.9 0.476281
-114.7 0.476991
-114.5 0.477465
-114.3 0.478333
-114.1 0.478649
-113.9 0.479122
-113.7 0.480069
-113.5 0.481017
-113.3 0.481885
-113.1 0.483069
-112.9 0.484016
-112.7 0.4852
-112.5 0.485832
-112.3 0.486542
-112.1 0.487094
-111.9 0.48741
-111.7 0.488042
-111.5 0.488831
-111.3 0.48962
-111.1 0.490331
-110.9 0.49112
-110.7 0.491673
-110.5 0.492383
-110.3 0.493409
-110.1 0.494041
-109.9 0.494988
-109.7 0.496251
-109.5 0.497435
-109.3 0.498382
-109.1 0.499013
-108.9 0.499724
-108.7 0.500671
-108.5 0.501855
-108.3 0.502881
-108.1 0.503434
-107.9 0.504144
-107.7 0.504933
-107.5 0.505644
-107.3 0.50667
-107.1 0.507854
-106.9 0.508248
-106.7 0.509117
-106.5 0.510222
-106.3 0.510695
-106.1 0.5118
-105.9 0.512353
-105.7 0.513142
-105.5 0.513853
-105.3 0.5148
-105.1 0.51551
-104.9 0.516615
-104.7 0.517326
-104.5 0.51851
-104.3 0.519931
-104.1 0.520957
-103.9 0.521746
-103.7 0.52293
-103.5 0.523719
-103.3 0.524824
-103.1 0.525377
-102.9 0.526245
-102.7 0.527192
-102.5 0.528061
-102.3 0.528929
-102.1 0.529639
-101.9 0.530271
-101.7 0.531297
-101.5 0.532402
-101.3 0.533191
-101.1 0.534296
-100.9 0.53548
-100.7 0.536506
-100.5 0.537138
-100.3 0.537611
-100.1 0.538559
-99.9 0.539348
-99.7 0.540058
-99.5 0.540611
-99.3 0.541085
-99.1 0.541874
-98.9 0.542663
-98.7 0.543453
-98.5 0.543847
-98.3 0.544715
-98.1 0.545426
-97.9 0.545899
-97.7 0.546531
-97.5 0.547557
-97.3 0.549057
-97.1 0.550083
-96.9 0.550478
-96.7 0.551109
-96.5 0.552293
-96.3 0.553161
-96.1 0.554108
-95.9 0.554898
-95.7 0.555766
-95.5 0.556792
-95.3 0.557897
-95.1 0.558923
-94.9 0.559949
-94.7 0.560976
-94.5 0.562239
-94.3 0.562949
-94.1 0.563738
-93.9 0.564607
-93.7 0.565712
-93.5 0.566817
-93.3 0.567843
-93.1 0.568869
-92.9 0.569816
-92.7 0.570369
-92.5 0.571
-92.3 0.571553
-92.1 0.572737
-91.9 0.574078
-91.7 0.575657
-91.5 0.576525
-91.3 0.577078
-91.1 0.577473
-90.9 0.578735
-90.7 0.579288
-90.5 0.579919
-90.3 0.580709
-90.1 0.581656
-89.9 0.582682
-89.7 0.583471
-89.5 0.584419
-89.3 0.585366
-89.1 0.585839
-88.9 0.587418
-88.7 0.588207
-88.5 0.589234
-88.3 0.589944
-88.1 0.591207
-87.9 0.591917
-87.7 0.592864
-87.5 0.593891
-87.3 0.59468
-87.1 0.595469
-86.9 0.596732
-86.7 0.597758
-86.5 0.598706
-86.3 0.599416
-86.1 0.600442
-85.9 0.601626
-85.7 0.602179
-85.5 0.60281
-85.3 0.603441
-85.1 0.603994
-84.9 0.604941
-84.7 0.605731
-84.5 0.606599
-84.3 0.606915
-84.1 0.607546
-83.9 0.608099
-83.7 0.608888
-83.5 0.610072
-83.3 0.610861
-83.1 0.611098
-82.9 0.612282
-82.7 0.612913
-82.5 0.613861
-82.3 0.614729
-82.1 0.615439
-81.9 0.616071
-81.7 0.616623
-81.5 0.616939
-81.3 0.617728
-81.1 0.618518
-80.9 0.619623
-80.7 0.620491
-80.5 0.621201
-80.3 0.621833
-80.1 0.622543
-79.9 0.623569
-79.7 0.624753
-79.5 0.625464
-79.3 0.626411
-79.1 0.627042
-78.9 0.628147
-78.7 0.628779
-78.5 0.629647
-78.3 0.6302
-78.1 0.630989
-77.9 0.632015
-77.7 0.632962
-77.5 0.634146
-77.3 0.635251
-77.1 0.635804
-76.9 0.636356
-76.7 0.637146
-76.5 0.63833
-76.3 0.638961
-76.1 0.63983
-75.9 0.640382
-75.7 0.641092
-75.5 0.641803
-75.3 0.642513
-75.1 0.64346
-74.9 0.644644
-74.7 0.645434
-74.5 0.646144
-74.3 0.647486
-74.1 0.648591
-73.9 0.648828
-73.7 0.649144
-73.5 0.649854
-73.3 0.650643
-73.1 0.65159
-72.9 0.652774
-72.7 0.653485
-72.5 0.654669
-72.3 0.65609
-72.1 0.656642
-71.9 0.657195
-71.7 0.657747
-71.5 0.659089
-71.3 0.660431
-71.1 0.661062
-70.9 0.661773
-70.7 0.662641
-70.5 0.663509
-70.3 0.664299
-70.1 0.665167
-69.9 0.666351
-69.7 0.667377
-69.5 0.668009
-69.3 0.669035
-69.1 0.67014
-68.9 0.670534
-68.7 0.671324
-68.5 0.671955
-68.3 0.67306
-68.1 0.673771
-67.9 0.674402
-67.7 0.67527
-67.5 0.676375
-67.3 0.677007
-67.1 0.677717
-66.9 0.678033
-66.7 0.679059
-66.5 0.680322
-66.3 0.680875
-66.1 0.681506
-65.9 0.682216
-65.7 0.682927
-65.5 0.683637
-65.3 0.684584
-65.1 0.685611
-64.9 0.686005
-64.7 0.686637
-64.5 0.687426
-64.3 0.688373
-64.1 0.68861
-63.9 0.68932
-63.7 0.689952
-63.5 0.690425
-63.3 0.691136
-63.1 0.691925
-62.9 0.692557
-62.7 0.693425
-62.5 0.69382
-62.3 0.694767
-62.1 0.695714
-61.9 0.696582
-61.7 0.697135
-61.5 0.697608
-61.3 0.698003
-61.1 0.698792
-60.9 0.699108
-60.7 0.699818
-60.5 0.70045
-60.3 0.701397
-60.1 0.702029
-59.9 0.70266
-59.7 0.703923
-59.5 0.70487
-59.3 0.705896
-59.1 0.707001
-58.9 0.708264
-58.7 0.708975
-58.5 0.709922
-58.3 0.710553
-58.1 0.711737
-57.9 0.713158
-57.7 0.713553
-57.5 0.714263
-57.3 0.714737
-57.1 0.715447
-56.9 0.716394
-56.7 0.717342
-56.5 0.717973
-56.3 0.718447
-56.1 0.718999
-55.9 0.71971
-55.7 0.72042
-55.5 0.72113
-55.3 0.721683
-55.1 0.722314
-54.9 0.722709
-54.7 0.723419
-54.5 0.72413
-54.3 0.725077
-54.1 0.725472
-53.9 0.725866
-53.7 0.726892
-53.5 0.727366
-53.3 0.728629
-53.1 0.729339
-52.9 0.730365
-52.7 0.730997
-52.5 0.731628
-52.3 0.73226
-52.1 0.733128
-51.9 0.733996
-51.7 0.734865
-51.5 0.735338
-51.3 0.736443
-51.1 0.73739
-50.9 0.73818
-50.7 0.73889
-50.5 0.739995
-50.3 0.741258
-50.1 0.74189
-49.9 0.742758
-49.7 0.743547
-49.5 0.744416
-49.3 0.745047
-49.1 0.745599
-48.9 0.746705
-48.7 0.747257
-48.5 0.747889
-48.3 0.748441
-48.1 0.749309
-47.9 0.75002
-47.7 0.750572
-47.5 0.751519
-47.3 0.752072
-47.1 0.75294
-46.9 0.753651
-46.7 0.754519
-46.5 0.755466
-46.3 0.756019
-46.1 0.757045
-45.9 0.757597
-45.7 0.758387
-45.5 0.759176
-45.3 0.759728
-45.1 0.760834
-44.9 0.761544
-44.7 0.762333
-44.5 0.763123
-44.3 0.763754
-44.1 0.764938
-43.9 0.765885
-43.7 0.766596
-43.5 0.767148
-43.3 0.767701
-43.1 0.768885
-42.9 0.770227
-42.7 0.771095
-42.5 0.771568
-42.3 0.772437
-42.1 0.773542
-41.9 0.774805
-41.7 0.775673
-41.5 0.776383
-41.3 0.777252
-41.1 0.778041
-40.9 0.778514
-40.7 0.779462
-40.5 0.780172
-40.3 0.780567
-40.1 0.781593
-39.9 0.782066
-39.7 0.782698
-39.5 0.783408
-39.3 0.78404
-39.1 0.784513
-38.9 0.785697
-38.7 0.786408
-38.5 0.787118
-38.3 0.788618
-38.1 0.789565
-37.9 0.790512
-37.7 0.791381
-37.5 0.791933
-37.3 0.792722
-37.1 0.793275
-36.9 0.79438
-36.7 0.795327
-36.5 0.79588
-36.3 0.796432
-36.1 0.797458
-35.9 0.79809
-35.7 0.7988
-35.5 0.79959
-35.3 0.8003
-35.1 0.80101
-34.9 0.801326
-34.7 0.802352
-34.5 0.803378
-34.3 0.804089
-34.1 0.805115
-33.9 0.805667
-33.7 0.806615
-33.5 0.807246
-33.3 0.80772
-33.1 0.808272
-32.9 0.808904
-32.7 0.809456
-32.5 0.810245
-32.3 0.811114
-32.1 0.812298
-31.9 0.812692
-31.7 0.813561
-31.5 0.814429
-31.3 0.815455
-31.1 0.816008
-30.9 0.816718
-30.7 0.817271
-30.5 0.818376
-30.3 0.818928
-30.1 0.819717
-29.9 0.82027
-29.7 0.821059
-29.5 0.82177
-29.3 0.82248
-29.1 0.822954
-28.9 0.823664
-28.7 0.824453
-28.5 0.824848
-28.3 0.825874
-28.1 0.826742
-27.9 0.827532
-27.7 0.829189
-27.5 0.829821
-27.3 0.83061
-27.1 0.831321
-26.9 0.831715
-26.7 0.832347
-26.5 0.832978
-26.3 0.833767
-26.1 0.83432
-25.9 0.835109
-25.7 0.836135
-25.5 0.836846
-25.3 0.837477
-25.1 0.837951
-24.9 0.838898
-24.7 0.839135
-24.5 0.839924
-24.3 0.840792
-24.1 0.841819
-23.9 0.842608
-23.7 0.843555
-23.5 0.844266
-23.3 0.844976
-23.1 0.845686
-22.9 0.847107
-22.7 0.847423
-22.5 0.848449
-22.3 0.849238
-22.1 0.850501
-21.9 0.851369
-21.7 0.85208
-21.5 0.852632
-21.3 0.853106
-21.1 0.854132
-20.9 0.855158
-20.7 0.856105
-20.5 0.856816
-20.3 0.857921
-20.1 0.858868
-19.9 0.859657
-19.7 0.860447
-19.5 0.861315
-19.3 0.862262
-19.1 0.863052
-18.9 0.86392
-18.7 0.865104
-18.5 0.865893
-18.3 0.866998
-18.1 0.867866
-17.9 0.868419
-17.7 0.869366
-17.5 0.870155
-17.3 0.871182
-17.1 0.871813
-16.9 0.872681
-16.7 0.873313
-16.5 0.873865
-16.3 0.87497
-16.1 0.875602
-15.9 0.875839
-15.7 0.876391
-15.5 0.877181
-15.3 0.877891
-15.1 0.87868
-14.9 0.879391
-14.7 0.880101
-14.5 0.881285
-14.3 0.882074
-14.1 0.883416
-13.9 0.883969
-13.7 0.8846
-13.5 0.885942
-13.3 0.886652
-13.1 0.887442
-12.9 0.888152
-12.7 0.889336
-12.5 0.88981
-12.3 0.890126
-12.1 0.890599
-11.9 0.891309
-11.7 0.892257
-11.5 0.893046
-11.3 0.894151
-11.1 0.894783
-10.9 0.895651
-10.7 0.896361
-10.5 0.897466
-10.3 0.898019
-10.1 0.898413
-9.9 0.899124
-9.7 0.90015
-9.5 0.900624
-9.3 0.901886
-9.1 0.902992
-8.9 0.90386
-8.7 0.90457
-8.5 0.905912
-8.3 0.906465
-8.1 0.907096
-7.9 0.907728
-7.7 0.908675
-7.5 0.909622
-7.3 0.910253
-7.1 0.910885
-6.9 0.911201
-6.7 0.91199
-6.5 0.912306
-6.3 0.913569
-6.1 0.914437
-5.9 0.915542
-5.7 0.916568
-5.5 0.917594
-5.3 0.918147
-5.1 0.91862
-4.9 0.91941
-4.7 0.919804
-4.5 0.920515
-4.3 0.921225
-4.1 0.922014
-3.9 0.922883
-3.7 0.92383
-3.5 0.924224
-3.3 0.924777
-3.1 0.925487
-2.9 0.925803
-2.7 0.926987
-2.5 0.928329
-2.3 0.928803
-2.1 0.929908
-1.9 0.930381
-1.7 0.931013
-1.5 0.931644
-1.3 0.932512
-1.1 0.933223
-0.899999 0.933933
-0.699999 0.935117
-0.499999 0.935907
-0.299999 0.937091
-0.0999994 0.937959
0.100001 0.938748
0.300001 0.939222
0.500001 0.940169
0.700001 0.941195
0.900001 0.9423
1.1 0.943247
1.3 0.944037
1.5 0.944826
1.7 0.945457
1.9 0.945931
2.1 0.946247
2.3 0.947115
2.5 0.948141
2.7 0.949009
2.9 0.949641
3.1 0.950114
3.3 0.950588
3.5 0.951298
3.7 0.952325
3.9 0.952877
4.1 0.953509
4.3 0.954693
4.5 0.955719
4.7 0.956745
4.9 0.957692
5.1 0.958402
5.3 0.959429
5.5 0.960218
5.7 0.960928
5.9 0.961718
6.1 0.96227
6.3 0.962349
6.5 0.963296
6.7 0.963612
6.9 0.964401
7.1 0.965427
7.3 0.966296
7.5 0.96669
7.7 0.967243
7.9 0.967874
8.1 0.968822
8.3 0.969611
8.5 0.9704
8.7 0.971268
8.9 0.9719
9.1 0.972216
9.3 0.973558
9.5 0.973873
9.7 0.974268
9.9 0.974663
10.1 0.975215
10.3 0.976162
10.5 0.976478
10.7 0.977031
10.9 0.977346
11.1 0.978451
11.3 0.979083
11.5 0.979399
11.7 0.979951
11.9 0.980267
12.1 0.980583
12.3 0.981135
12.5 0.981293
12.7 0.981845
12.9 0.982398
13.1 0.983108
13.3 0.983345
13.5 0.983898
13.7 0.985003
13.9 0.985476
14.1 0.98595
14.3 0.986266
14.5 0.986502
14.7 0.987134
14.9 0.987529
15.1 0.987844
15.3 0.988476
15.5 0.988792
15.7 0.989028
15.9 0.989344
16.1 0.989581
16.3 0.989739
16.5 0.990291
16.7 0.990686
16.9 0.990844
17.1 0.991633
17.3 0.991949
17.5 0.992186
17.7 0.992344
17.9 0.992659
18.1 0.992896
18.3 0.993212
18.5 0.99337
18.7 0.993685
18.9 0.994001
19.1 0.994396
19.3 0.994554
19.5 0.994554
19.7 0.994712
19.9 0.994869
20.1 0.994948
20.3 0.995185
20.5 0.995501
20.7 0.995659
20.9 0.995738
21.1 0.995895
21.3 0.996053
21.5 0.99629
21.7 0.996448
21.9 0.996448
22.1 0.996448
22.3 0.996606
22.5 0.996843
22.7 0.996843
22.9 0.996922
23.1 0.997001
23.3 0.997237
23.5 0.997316
23.7 0.997316
23.9 0.997395
24.1 0.997395
24.3 0.997474
24.5 0.997632
24.7 0.997711
24.9 0.99779
25.1 0.997869
25.3 0.997948
25.5 0.997948
25.7 0.998027
25.9 0.998027
26.1 0.998106
26.3 0.998106
26.5 0.998106
26.7 0.998106
26.9 0.998106
27.1 0.998185
27.3 0.998185
27.5 0.998185
27.7 0.998185
27.9 0.998185
28.1 0.998263
28.3 0.998263
28.5 0.998263
28.7 0.998342
28.9 0.998342
29.1 0.998342
29.3 0.998421
29.5 0.998421
29.7 0.998421
29.9 0.998421
30.1 0.998421
30.3 0.998421
30.5 0.998421
30.7 0.9985
30.9 0.9985
31.1 0.998579
31.3 0.998579
31.5 0.998579
31.7 0.998579
31.9 0.998579
32.1 0.998579
32.3 0.998579
32.5 0.998579
32.7 0.998579
32.9 0.998579
33.1 0.998579
33.3 0.998816
33.5 0.998816
33.7 0.998816
33.9 0.998816
34.1 0.998816
34.3 0.998895
34.5 0.998895
34.7 0.998895
34.9 0.998974
35.1 0.998974
35.3 0.999053
35.5 0.999132
35.7 0.999132
35.9 0.999132
36.1 0.999132
36.3 0.999132
36.5 0.999132
36.7 0.999132
36.9 0.999132
37.1 0.999211
37.3 0.999211
37.5 0.999211
37.7 0.999211
37.9 0.999369
38.1 0.999369
38.3 0.999369
38.5 0.999369
38.7 0.999369
38.9 0.999369
39.1 0.999369
39.3 0.999369
39.5 0.999369
39.7 0.999369
39.9 0.999447
40.1 0.999447
40.3 0.999447
40.5 0.999447
40.7 0.999447
40.9 0.999447
41.1 0.999447
41.3 0.999447
41.5 0.999447
41.7 0.999447
41.9 0.999526
42.1 0.999526
42.3 0.999526
42.5 0.999526
42.7 0.999526
42.9 0.999526
43.1 0.999526
43.3 0.999526
43.5 0.999526
43.7 0.999526
43.9 0.999526
44.1 0.999605
44.3 0.999605
44.5 0.999605
44.7 0.999605
44.9 0.999605
45.1 0.999605
45.3 0.999605
45.5 0.999605
45.7 0.999684
45.9 0.999684
46.1 0.999763
46.3 0.999842
46.5 0.999842
46.7 0.999842
46.9 0.999842
47.1 0.999842
47.3 0.999842
47.5 0.999921
47.7 0.999921
47.9 0.999921
48.1 0.999921
48.3 1
