1594
130.5 8.67664e-06
130.7 8.67664e-06
130.9 8.67664e-06
131.1 8.67664e-06
131.3 8.67664e-06
131.5 8.67664e-06
131.7 8.67664e-06
131.9 8.67664e-06
132.1 8.67664e-06
132.3 8.67664e-06
132.5 8.67664e-06
132.7 1.73533e-05
132.9 2.60299e-05
133.1 2.60299e-05
133.3 2.60299e-05
133.5 2.60299e-05
133.7 3.47066e-05
133.9 4.33832e-05
134.1 5.20598e-05
134.3 5.20598e-05
134.5 5.20598e-05
134.7 6.07365e-05
134.9 7.80898e-05
135.1 8.67664e-05
135.3 0.00013015
135.5 0.000268976
135.7 0.000355742
135.9 0.000546628
136.1 0.000841634
136.3 0.00121473
136.5 0.00187415
136.7 0.00247284
136.9 0.00326242
137.1 0.00429494
137.3 0.0055704
137.5 0.00694131
137.7 0.00823413
137.9 0.00996946
138.1 0.0118089
138.3 0.0137959
138.5 0.0159043
138.7 0.0182209
138.9 0.0206157
139.1 0.0231927
139.3 0.0257696
139.5 0.0284594
139.7 0.0307587
139.9 0.0331881
140.1 0.0356176
140.3 0.0378909
140.5 0.0402423
140.7 0.042368
140.9 0.0446326
141.1 0.0465675
141.3 0.0485198
141.5 0.0504026
141.7 0.0520512
141.9 0.0539166
142.1 0.0556606
142.3 0.0572224
142.5 0.0591486
142.7 0.0610662
142.9 0.0627842
143.1 0.0646236
143.3 0.0662722
143.5 0.0680422
143.7 0.0696821
143.9 0.0715215
144.1 0.0733783
144.3 0.0748881
144.5 0.0764585
144.7 0.0781158
144.9 0.0797817
145.1 0.0812828
145.3 0.0828445
145.5 0.084389
145.7 0.0860462
145.9 0.0876774
146.1 0.0892045
146.3 0.0908444
146.5 0.0923368
146.7 0.0940287
146.9 0.095686
147.1 0.0971176
147.3 0.0985926
147.5 0.100128
147.7 0.101577
147.9 0.103165
148.1 0.104753
148.3 0.106176
148.5 0.107781
148.7 0.109326
148.9 0.110731
149.1 0.112328
149.3 0.113794
149.5 0.115313
149.7 0.116675
149.9 0.118141
150.1 0.119686
150.3 0.12123
150.5 0.122497
150.7 0.123876
150.9 0.125395
151.1 0.126731
151.3 0.128249
151.5 0.129829
151.7 0.131191
151.9 0.132466
152.1 0.134019
152.3 0.13539
152.5 0.136726
152.7 0.138037
152.9 0.139355
153.1 0.140804
153.3 0.142219
153.5 0.143425
153.7 0.144683
153.9 0.145854
154.1 0.147243
154.3 0.148405
154.5 0.149559
154.7 0.150921
154.9 0.152067
155.1 0.153229
155.3 0.15434
155.5 0.155572
155.7 0.156717
155.9 0.15775
156.1 0.158904
156.3 0.15991
156.5 0.16109
156.7 0.162227
156.9 0.163372
157.1 0.164266
157.3 0.165325
157.5 0.166262
157.7 0.16752
157.9 0.16857
158.1 0.16955
158.3 0.170479
158.5 0.171711
158.7 0.172682
158.9 0.173637
159.1 0.174661
159.3 0.175789
159.5 0.176743
159.7 0.177715
159.9 0.178878
160.1 0.179849
160.3 0.180734
160.5 0.181628
160.7 0.18273
160.9 0.183684
161.1 0.18476
161.3 0.185871
161.5 0.186765
161.7 0.187589
161.9 0.188613
162.1 0.189515
162.3 0.190487
162.5 0.191303
162.7 0.192318
162.9 0.193125
163.1 0.193888
163.3 0.194955
163.5 0.19591
163.7 0.196847
163.9 0.19768
164.1 0.198591
164.3 0.199467
164.5 0.200283
164.7 0.201315
164.9 0.202218
165.1 0.203103
165.3 0.204014
165.5 0.204951
165.7 0.205923
165.9 0.206834
166.1 0.207667
166.3 0.208595
166.5 0.209645
166.7 0.210513
166.9 0.211285
167.1 0.212083
167.3 0.212959
167.5 0.213827
167.7 0.214764
167.9 0.215562
168.1 0.216473
168.3 0.217393
168.5 0.218296
168.7 0.219137
168.9 0.219927
169.1 0.221063
169.3 0.222009
169.5 0.222894
169.7 0.223718
169.9 0.224638
170.1 0.225445
170.3 0.226217
170.5 0.227128
170.7 0.228222
170.9 0.229141
171.1 0.230104
171.3 0.230833
171.5 0.231814
171.7 0.232786
171.9 0.233827
172.1 0.234712
172.3 0.235614
172.5 0.23649
172.7 0.237341
172.9 0.2382
173.1 0.239172
173.3 0.239961
173.5 0.240742
173.7 0.241809
173.9 0.242608
174.1 0.243328
174.3 0.244256
174.5 0.245054
174.7 0.245948
174.9 0.246746
175.1 0.247605
175.3 0.248456
175.5 0.249262
175.7 0.250278
175.9 0.251067
176.1 0.251857
176.3 0.25256
176.5 0.253427
176.7 0.254408
176.9 0.255215
177.1 0.256022
177.3 0.256707
177.5 0.257401
177.7 0.258191
177.9 0.258807
178.1 0.259674
178.3 0.260603
178.5 0.261514
178.7 0.262234
178.9 0.262998
179.1 0.26377
179.3 0.264568
179.5 0.265349
179.7 0.266078
179.9 0.266824
180.1 0.267666
180.3 0.268334
180.5 0.269089
180.7 0.269843
180.9 0.270633
181.1 0.271345
181.3 0.272099
181.5 0.272759
181.7 0.273566
181.9 0.274381
182.1 0.275128
182.3 0.275839
182.5 0.276577
182.7 0.277427
182.9 0.278156
183.1 0.278954
183.3 0.279717
183.5 0.280481
183.7 0.281193
183.9 0.281999
184.1 0.282589
184.3 0.283344
184.5 0.284047
184.7 0.284793
184.9 0.285479
185.1 0.286182
185.3 0.287145
185.5 0.2879
185.7 0.288602
185.9 0.289349
186.1 0.290155
186.3 0.291101
186.5 0.29183
186.7 0.292628
186.9 0.293375
187.1 0.294147
187.3 0.295006
187.5 0.295813
187.7 0.296724
187.9 0.297609
188.1 0.298433
188.3 0.299309
188.5 0.300012
188.7 0.300828
188.9 0.301635
189.1 0.302485
189.3 0.303249
189.5 0.304108
189.7 0.305071
189.9 0.305956
190.1 0.307032
190.3 0.307812
190.5 0.308776
190.7 0.309739
190.9 0.310606
191.1 0.311396
191.3 0.312203
191.5 0.313166
191.7 0.313999
191.9 0.314797
192.1 0.315613
192.3 0.316611
192.5 0.317444
192.7 0.318363
192.9 0.319439
193.1 0.320307
193.3 0.32127
193.5 0.322268
193.7 0.32317
193.9 0.323994
194.1 0.324836
194.3 0.325669
194.5 0.326519
194.7 0.32737
194.9 0.328246
195.1 0.329027
195.3 0.329964
195.5 0.330875
195.7 0.331829
195.9 0.332636
196.1 0.333435
196.3 0.334398
196.5 0.335239
196.7 0.336133
196.9 0.336914
197.1 0.337825
197.3 0.338736
197.5 0.339569
197.7 0.340523
197.9 0.341539
198.1 0.342415
198.3 0.343274
198.5 0.34422
198.7 0.345035
198.9 0.345903
199.1 0.346753
199.3 0.347604
199.5 0.348515
199.7 0.349261
199.9 0.350189
200.1 0.350961
200.3 0.351924
200.5 0.352862
200.7 0.353729
200.9 0.354614
201.1 0.355473
201.3 0.356402
201.5 0.357235
201.7 0.358102
201.9 0.358927
202.1 0.359864
202.3 0.360679
202.5 0.361712
202.7 0.362545
202.9 0.363464
203.1 0.364254
203.3 0.365287
203.5 0.36605
203.7 0.366831
203.9 0.367733
204.1 0.368592
204.3 0.369373
204.5 0.370319
204.7 0.371273
204.9 0.37215
205.1 0.373078
205.3 0.373902
205.5 0.374727
205.7 0.37569
205.9 0.376505
206.1 0.377252
206.3 0.378189
206.5 0.379082
206.7 0.379924
206.9 0.380609
207.1 0.381451
207.3 0.382423
207.5 0.38323
207.7 0.384202
207.9 0.385035
208.1 0.385824
208.3 0.386822
208.5 0.38782
208.7 0.388748
208.9 0.389633
209.1 0.390353
209.3 0.391325
209.5 0.392054
209.7 0.392948
209.9 0.393807
210.1 0.3947
210.3 0.395533
210.5 0.396262
210.7 0.397086
210.9 0.397859
211.1 0.398631
211.3 0.399507
211.5 0.400436
211.7 0.401295
211.9 0.402266
212.1 0.403108
212.3 0.403863
212.5 0.404592
212.7 0.405477
212.9 0.406292
213.1 0.407082
213.3 0.407967
213.5 0.408713
213.7 0.409563
213.9 0.410318
214.1 0.411117
214.3 0.411941
214.5 0.412765
214.7 0.413676
214.9 0.414518
215.1 0.415516
215.3 0.416453
215.5 0.417286
215.7 0.418249
215.9 0.418978
216.1 0.419819
216.3 0.420704
216.5 0.421468
216.7 0.422318
216.9 0.42309
217.1 0.424045
217.3 0.424852
217.5 0.425546
217.7 0.426483
217.9 0.427333
218.1 0.428088
218.3 0.428817
218.5 0.429719
218.7 0.430431
218.9 0.431324
219.1 0.432227
219.3 0.433086
219.5 0.433832
219.7 0.434734
219.9 0.435645
220.1 0.436565
220.3 0.437372
220.5 0.438179
220.7 0.438916
220.9 0.43981
221.1 0.440817
221.3 0.441632
221.5 0.44237
221.7 0.443272
221.9 0.444157
222.1 0.444895
222.3 0.445754
222.5 0.446543
222.7 0.44735
222.9 0.4482
223.1 0.449085
223.3 0.449953
223.5 0.450769
223.7 0.451446
223.9 0.452252
224.1 0.452999
224.3 0.453849
224.5 0.454647
224.7 0.455333
224.9 0.456209
225.1 0.457025
225.3 0.457745
225.5 0.458612
225.7 0.459298
225.9 0.460122
226.1 0.461007
226.3 0.461936
226.5 0.462673
226.7 0.463558
226.9 0.464408
227.1 0.465172
227.3 0.466022
227.5 0.466786
227.7 0.467541
227.9 0.46827
228.1 0.469102
228.3 0.470057
228.5 0.470786
228.7 0.471645
228.9 0.472434
229.1 0.473285
229.3 0.474144
229.5 0.474864
229.7 0.475601
229.9 0.476495
230.1 0.477206
230.3 0.477927
230.5 0.478786
230.7 0.479506
230.9 0.480356
231.1 0.48118
231.3 0.482039
231.5 0.483002
231.7 0.483879
231.9 0.484564
232.1 0.485363
232.3 0.486117
232.5 0.486907
232.7 0.487801
232.9 0.488556
233.1 0.48931
233.3 0.490169
233.5 0.490924
233.7 0.491766
233.9 0.492512
234.1 0.493276
234.3 0.494195
234.5 0.494985
234.7 0.495696
234.9 0.496581
235.1 0.497527
235.3 0.49836
235.5 0.499219
235.7 0.500078
235.9 0.50079
236.1 0.501562
236.3 0.502256
236.5 0.502941
236.7 0.503792
236.9 0.504512
237.1 0.505492
237.3 0.506403
237.5 0.507176
237.7 0.507861
237.9 0.508729
238.1 0.509596
238.3 0.510585
238.5 0.511236
238.7 0.511965
238.9 0.51285
239.1 0.513648
239.3 0.51449
239.5 0.515358
239.7 0.516191
239.9 0.51705
240.1 0.517926
240.3 0.518837
240.5 0.519739
240.7 0.520494
240.9 0.521266
241.1 0.522082
241.3 0.522941
241.5 0.523722
241.7 0.524564
241.9 0.525362
242.1 0.526256
242.3 0.527106
242.5 0.527835
242.7 0.52852
242.9 0.529483
243.1 0.530273
243.3 0.531062
243.5 0.531887
243.7 0.532572
243.9 0.533275
244.1 0.534021
244.3 0.534837
244.5 0.535713
244.7 0.53652
244.9 0.537466
245.1 0.538221
245.3 0.538984
245.5 0.539704
245.7 0.540424
245.9 0.541214
246.1 0.542012
246.3 0.542793
246.5 0.543704
246.7 0.544459
246.9 0.545266
247.1 0.54616
247.3 0.546967
247.5 0.54773
247.7 0.548546
247.9 0.549275
248.1 0.550229
248.3 0.55127
248.5 0.552147
248.7 0.553092
248.9 0.553917
249.1 0.554758
249.3 0.555487
249.5 0.556355
249.7 0.557092
249.9 0.557865
250.1 0.558715
250.3 0.5596
250.5 0.560398
250.7 0.561162
250.9 0.561977
251.1 0.562732
251.3 0.563548
251.5 0.564329
251.7 0.564945
251.9 0.56589
252.1 0.566749
252.3 0.567452
252.5 0.568294
252.7 0.569274
252.9 0.570064
253.1 0.570871
253.3 0.571591
253.5 0.572415
253.7 0.573196
253.9 0.573994
254.1 0.574871
254.3 0.575773
254.5 0.576589
254.7 0.577422
254.9 0.578211
255.1 0.578914
255.3 0.579617
255.5 0.580476
255.7 0.581291
255.9 0.582176
256.1 0.583035
256.3 0.583825
256.5 0.584788
256.7 0.585456
256.9 0.58628
257.1 0.587087
257.3 0.588051
257.5 0.588857
257.7 0.589734
257.9 0.590471
258.1 0.591244
258.3 0.592007
258.5 0.592883
258.7 0.593621
258.9 0.594402
259.1 0.595131
259.3 0.595903
259.5 0.596675
259.7 0.597569
259.9 0.598246
260.1 0.599096
260.3 0.599877
260.5 0.600701
260.7 0.601586
260.9 0.602523
261.1 0.603417
261.3 0.604215
261.5 0.605031
261.7 0.605707
261.9 0.606419
262.1 0.607356
262.3 0.608224
262.5 0.608987
262.7 0.609864
262.9 0.610645
263.1 0.611495
263.3 0.612224
263.5 0.613135
263.7 0.614002
263.9 0.614766
264.1 0.615677
264.3 0.616692
264.5 0.617482
264.7 0.618315
264.9 0.619269
265.1 0.620059
265.3 0.62084
265.5 0.621699
265.7 0.622401
265.9 0.623165
266.1 0.624015
266.3 0.6249
266.5 0.625768
266.7 0.626636
266.9 0.627442
267.1 0.628249
267.3 0.629022
267.5 0.62982
267.7 0.630774
267.9 0.631642
268.1 0.632449
268.3 0.633091
268.5 0.633785
268.7 0.634635
268.9 0.635468
269.1 0.636197
269.3 0.637013
269.5 0.637733
269.7 0.638392
269.9 0.639147
270.1 0.640006
270.3 0.6409
270.5 0.641655
270.7 0.64247
270.9 0.643199
271.1 0.64398
271.3 0.644778
271.5 0.64562
271.7 0.646418
271.9 0.647164
272.1 0.648058
272.3 0.648744
272.5 0.649594
272.7 0.650557
272.9 0.651425
273.1 0.652232
273.3 0.653065
273.5 0.653924
273.7 0.654722
273.9 0.65572
274.1 0.65644
274.3 0.657238
274.5 0.657906
274.7 0.658835
274.9 0.659711
275.1 0.660379
275.3 0.661299
275.5 0.66201
275.7 0.662887
275.9 0.663685
276.1 0.664457
276.3 0.665247
276.5 0.666054
276.7 0.666895
276.9 0.667676
277.1 0.668457
277.3 0.669247
277.5 0.669897
277.7 0.670782
277.9 0.671711
278.1 0.672353
278.3 0.673047
278.5 0.673871
278.7 0.674739
278.9 0.675641
279.1 0.676691
279.3 0.677507
279.5 0.678461
279.7 0.679138
279.9 0.680014
280.1 0.680804
280.3 0.681437
280.5 0.682209
280.7 0.682973
280.9 0.683684
281.1 0.684595
281.3 0.685428
281.5 0.686235
281.7 0.687164
281.9 0.687901
282.1 0.688639
282.3 0.689567
282.5 0.690339
282.7 0.691155
282.9 0.691997
283.1 0.692882
283.3 0.693715
283.5 0.694548
283.7 0.695337
283.9 0.696292
284.1 0.697046
284.3 0.697793
284.5 0.698634
284.7 0.699302
284.9 0.700239
285.1 0.701055
285.3 0.701827
285.5 0.70279
285.7 0.703467
285.9 0.704291
286.1 0.705012
286.3 0.705853
286.5 0.706591
286.7 0.707467
286.9 0.708213
287.1 0.709046
287.3 0.70974
287.5 0.710513
287.7 0.711389
287.9 0.712205
288.1 0.71315
288.3 0.713914
288.5 0.714677
288.7 0.715293
288.9 0.716031
289.1 0.716725
289.3 0.71748
289.5 0.718296
289.7 0.719111
289.9 0.719814
290.1 0.720578
290.3 0.721324
290.5 0.722087
290.7 0.72292
290.9 0.723701
291.1 0.724525
291.3 0.725497
291.5 0.726426
291.7 0.727319
291.9 0.728152
292.1 0.728959
292.3 0.729896
292.5 0.730747
292.7 0.731614
292.9 0.732404
293.1 0.733115
293.3 0.733948
293.5 0.734894
293.7 0.735796
293.9 0.736508
294.1 0.73748
294.3 0.738191
294.5 0.738955
294.7 0.739657
294.9 0.740525
295.1 0.741367
295.3 0.742044
295.5 0.74279
295.7 0.743475
295.9 0.744412
296.1 0.745263
296.3 0.746052
296.5 0.746764
296.7 0.747571
296.9 0.748438
297.1 0.749245
297.3 0.750069
297.5 0.750868
297.7 0.751649
297.9 0.752473
298.1 0.75328
298.3 0.753983
298.5 0.754772
298.7 0.755631
298.9 0.756377
299.1 0.757106
299.3 0.757896
299.5 0.758694
299.7 0.759405
299.9 0.760108
300.1 0.760889
300.3 0.761531
300.5 0.762295
300.7 0.763275
300.9 0.764004
301.1 0.764854
301.3 0.765644
301.5 0.766451
301.7 0.767171
301.9 0.768047
302.1 0.768794
302.3 0.769566
302.5 0.770321
302.7 0.771188
302.9 0.771943
303.1 0.772715
303.3 0.773566
303.5 0.774373
303.7 0.775119
303.9 0.775839
304.1 0.776568
304.3 0.777418
304.5 0.77813
304.7 0.778876
304.9 0.779674
305.1 0.780568
305.3 0.781427
305.5 0.782182
305.7 0.783023
305.9 0.783813
306.1 0.784576
306.3 0.785271
306.5 0.785965
306.7 0.786728
306.9 0.787526
307.1 0.788342
307.3 0.78921
307.5 0.789991
307.7 0.790641
307.9 0.791509
308.1 0.792429
308.3 0.793201
308.5 0.794051
308.7 0.794858
308.9 0.795674
309.1 0.796524
309.3 0.797374
309.5 0.798155
309.7 0.799049
309.9 0.799778
310.1 0.800593
310.3 0.801409
310.5 0.802207
310.7 0.803075
310.9 0.803943
311.1 0.804845
311.3 0.80553
311.5 0.80645
311.7 0.807231
311.9 0.808116
312.1 0.808932
312.3 0.809591
312.5 0.81052
312.7 0.811379
312.9 0.812255
313.1 0.813044
313.3 0.813843
313.5 0.814684
313.7 0.815483
313.9 0.816307
314.1 0.817175
314.3 0.817929
314.5 0.818771
314.7 0.819604
314.9 0.820298
315.1 0.821122
315.3 0.821903
315.5 0.822606
315.7 0.823448
315.9 0.824246
316.1 0.824975
316.3 0.825747
316.5 0.826415
316.7 0.827161
316.9 0.827882
317.1 0.828697
317.3 0.829539
317.5 0.830415
317.7 0.831274
317.9 0.832237
318.1 0.833018
318.3 0.833808
318.5 0.834771
318.7 0.835491
318.9 0.836437
319.1 0.837313
319.3 0.838111
319.5 0.839022
319.7 0.839812
319.9 0.840601
320.1 0.841391
320.3 0.842311
320.5 0.843187
320.7 0.844029
320.9 0.844706
321.1 0.8454
321.3 0.846215
321.5 0.846944
321.7 0.847734
321.9 0.848428
322.1 0.849191
322.3 0.850068
322.5 0.850883
322.7 0.851647
322.9 0.852532
323.1 0.853252
323.3 0.853911
323.5 0.854753
323.7 0.855543
323.9 0.85635
324.1 0.857104
324.3 0.857833
324.5 0.858744
324.7 0.859577
324.9 0.860376
325.1 0.861148
325.3 0.86205
325.5 0.862796
325.7 0.863551
325.9 0.864315
326.1 0.865078
326.3 0.86579
326.5 0.866588
326.7 0.867464
326.9 0.868219
327.1 0.869
327.3 0.86985
327.5 0.870744
327.7 0.871447
327.9 0.872271
328.1 0.873148
328.3 0.873885
328.5 0.87464
328.7 0.875508
328.9 0.876427
329.1 0.877286
329.3 0.87805
329.5 0.878779
329.7 0.879551
329.9 0.880349
330.1 0.881182
330.3 0.881937
330.5 0.882744
330.7 0.883603
330.9 0.884462
331.1 0.88539
331.3 0.886206
331.5 0.886935
331.7 0.887724
331.9 0.888601
332.1 0.889486
332.3 0.89011
332.5 0.890787
332.7 0.891637
332.9 0.89241
333.1 0.893225
333.3 0.893937
333.5 0.894752
333.7 0.895455
333.9 0.896297
334.1 0.897164
334.3 0.897928
334.5 0.898666
334.7 0.899412
334.9 0.900062
335.1 0.900956
335.3 0.901702
335.5 0.902388
335.7 0.903108
335.9 0.903811
336.1 0.904574
336.3 0.905242
336.5 0.905971
336.7 0.906735
336.9 0.907481
337.1 0.908192
337.3 0.908999
337.5 0.909806
337.7 0.910613
337.9 0.911472
338.1 0.912297
338.3 0.913095
338.5 0.91391
338.7 0.914856
338.9 0.915611
339.1 0.916401
339.3 0.917147
339.5 0.917962
339.7 0.918674
339.9 0.919455
340.1 0.920184
340.3 0.921008
340.5 0.921711
340.7 0.922518
340.9 0.923333
341.1 0.924053
341.3 0.924791
341.5 0.925667
341.7 0.926405
341.9 0.927168
342.1 0.927923
342.3 0.928609
342.5 0.929459
342.7 0.930275
342.9 0.931038
343.1 0.93181
343.3 0.93253
343.5 0.93332
343.7 0.934032
343.9 0.934613
344.1 0.935394
344.3 0.93614
344.5 0.936973
344.7 0.937745
344.9 0.938578
345.1 0.939428
345.3 0.940244
345.5 0.940921
345.7 0.941606
345.9 0.942483
346.1 0.943255
346.3 0.944044
346.5 0.944877
346.7 0.945624
346.9 0.946396
347.1 0.947064
347.3 0.94781
347.5 0.948487
347.7 0.949224
347.9 0.949936
348.1 0.950543
348.3 0.951298
348.5 0.951957
348.7 0.95266
348.9 0.953328
349.1 0.954014
349.3 0.954855
349.5 0.955628
349.7 0.956296
349.9 0.957094
350.1 0.957658
350.3 0.958335
350.5 0.95909
350.7 0.959905
350.9 0.960573
351.1 0.961424
351.3 0.962144
351.5 0.962959
351.7 0.963844
351.9 0.964547
352.1 0.965172
352.3 0.965788
352.5 0.966543
352.7 0.967237
352.9 0.967836
353.1 0.968495
353.3 0.969059
353.5 0.969736
353.7 0.970439
353.9 0.970959
354.1 0.971584
354.3 0.972061
354.5 0.972695
354.7 0.973233
354.9 0.973753
355.1 0.974404
355.3 0.974968
355.5 0.975506
355.7 0.975888
355.9 0.976495
356.1 0.977076
356.3 0.977554
356.5 0.978022
356.7 0.978612
356.9 0.979219
357.1 0.979679
357.3 0.980278
357.5 0.980738
357.7 0.981163
357.9 0.981796
358.1 0.982343
358.3 0.982846
358.5 0.983393
358.7 0.983835
358.9 0.984269
359.1 0.984703
359.3 0.98518
359.5 0.985545
359.7 0.986074
359.9 0.986473
360.1 0.986803
360.3 0.987289
360.5 0.987731
360.7 0.988148
360.9 0.988694
361.1 0.988937
361.3 0.989302
361.5 0.989631
361.7 0.989961
361.9 0.990282
362.1 0.990612
362.3 0.990942
362.5 0.991393
362.7 0.991722
362.9 0.992
363.1 0.992373
363.3 0.992642
363.5 0.992868
363.7 0.993145
363.9 0.99338
364.1 0.993649
364.3 0.993944
364.5 0.994195
364.7 0.994404
364.9 0.994707
365.1 0.994915
365.3 0.995098
365.5 0.995289
365.7 0.995575
365.9 0.995818
366.1 0.996009
366.3 0.996234
366.5 0.996477
366.7 0.996651
366.9 0.99679
367.1 0.996928
367.3 0.997041
367.5 0.99725
367.7 0.997328
367.9 0.997518
368.1 0.99764
368.3 0.997779
368.5 0.997909
368.7 0.998004
368.9 0.998117
369.1 0.998239
369.3 0.998308
369.5 0.998403
369.7 0.99856
369.9 0.99862
370.1 0.998733
370.3 0.99882
370.5 0.998889
370.7 0.998941
370.9 0.998994
371.1 0.999089
371.3 0.999132
371.5 0.999184
371.7 0.999184
371.9 0.999262
372.1 0.999323
372.3 0.999358
372.5 0.99941
372.7 0.999436
372.9 0.999445
373.1 0.999488
373.3 0.999523
373.5 0.999557
373.7 0.999618
373.9 0.999636
374.1 0.999696
374.3 0.999722
374.5 0.99974
374.7 0.999748
374.9 0.999774
375.1 0.999792
375.3 0.999826
375.5 0.999852
375.7 0.99987
375.9 0.999879
376.1 0.999896
376.3 0.999905
376.5 0.999905
376.7 0.999913
376.9 0.999922
377.1 0.999931
377.3 0.999939
377.5 0.999939
377.7 0.999939
377.9 0.999948
378.1 0.999948
378.3 0.999948
378.5 0.999957
378.7 0.999957
378.9 0.999965
379.1 0.999974
379.3 0.999974
379.5 0.999974
379.7 0.999974
379.9 0.999974
380.1 0.999974
380.3 0.999974
380.5 0.999974
380.7 0.999974
380.9 0.999974
381.1 0.999974
381.3 0.999974
381.5 0.999974
381.7 0.999974
381.9 0.999983
382.1 0.999983
382.3 0.999983
382.5 0.999983
382.7 0.999983
382.9 0.999983
383.1 0.999983
383.3 0.999983
383.5 0.999983
383.7 0.999983
383.9 0.999983
384.1 0.999983
384.3 0.999983
384.5 0.999983
384.7 0.999983
384.9 0.999983
385.1 0.999983
385.3 0.999983
385.5 0.999983
385.7 0.999983
385.9 0.999983
386.1 0.999983
386.3 0.999983
386.5 0.999983
386.7 0.999983
386.9 0.999983
387.1 0.999983
387.3 0.999983
387.5 0.999983
387.7 0.999983
387.9 0.999983
388.1 0.999983
388.3 0.999983
388.5 0.999983
388.7 0.999983
388.9 0.999983
389.1 0.999983
389.3 0.999983
389.5 0.999983
389.7 0.999983
389.9 0.999983
390.1 0.999983
390.3 0.999983
390.5 0.999983
390.7 0.999983
390.9 0.999983
391.1 0.999983
391.3 0.999983
391.5 0.999983
391.7 0.999983
391.9 0.999983
392.1 0.999983
392.3 0.999983
392.5 0.999983
392.7 0.999983
392.9 0.999983
393.1 0.999983
393.3 0.999983
393.5 0.999983
393.7 0.999983
393.9 0.999983
394.1 0.999983
394.3 0.999983
394.5 0.999983
394.7 0.999983
394.9 0.999983
395.1 0.999983
395.3 0.999983
395.5 0.999983
395.7 0.999983
395.9 0.999983
396.1 0.999983
396.3 0.999983
396.5 0.999983
396.7 0.999983
396.9 0.999983
397.1 0.999983
397.3 0.999983
397.5 0.999983
397.7 0.999983
397.9 0.999983
398.1 0.999983
398.3 0.999983
398.5 0.999983
398.7 0.999983
398.9 0.999983
399.1 0.999983
399.3 0.999983
399.5 0.999983
399.7 0.999983
399.9 0.999983
400.1 0.999983
400.3 0.999983
400.5 0.999983
400.7 0.999983
400.9 0.999983
401.1 0.999983
401.3 0.999983
401.5 0.999983
401.7 0.999983
401.9 0.999983
402.1 0.999983
402.3 0.999983
402.5 0.999983
402.7 0.999983
402.9 0.999983
403.1 0.999983
403.3 0.999983
403.5 0.999983
403.7 0.999983
403.9 0.999983
404.1 0.999983
404.3 0.999983
404.5 0.999983
404.7 0.999983
404.9 0.999983
405.1 0.999983
405.3 0.999983
405.5 0.999983
405.7 0.999983
405.9 0.999983
406.1 0.999983
406.3 0.999983
406.5 0.999983
406.7 0.999983
406.9 0.999983
407.1 0.999983
407.3 0.999983
407.5 0.999983
407.7 0.999983
407.9 0.999983
408.1 0.999983
408.3 0.999983
408.5 0.999983
408.7 0.999983
408.9 0.999983
409.1 0.999983
409.3 0.999983
409.5 0.999983
409.7 0.999983
409.9 0.999983
410.1 0.999983
410.3 0.999983
410.5 0.999983
410.7 0.999983
410.9 0.999983
411.1 0.999983
411.3 0.999983
411.5 0.999983
411.7 0.999983
411.9 0.999983
412.1 0.999983
412.3 0.999983
412.5 0.999983
412.7 0.999983
412.9 0.999983
413.1 0.999983
413.3 0.999983
413.5 0.999983
413.7 0.999983
413.9 0.999983
414.1 0.999983
414.3 0.999983
414.5 0.999983
414.7 0.999983
414.9 0.999983
415.1 0.999983
415.3 0.999983
415.5 0.999983
415.7 0.999983
415.9 0.999983
416.1 0.999983
416.3 0.999983
416.5 0.999983
416.7 0.999983
416.9 0.999983
417.1 0.999983
417.3 0.999983
417.5 0.999983
417.7 0.999983
417.9 0.999983
418.1 0.999983
418.3 0.999983
418.5 0.999983
418.7 0.999983
418.9 0.999983
419.1 0.999983
419.3 0.999983
419.5 0.999983
419.7 0.999983
419.9 0.999983
420.1 0.999983
420.3 0.999983
420.5 0.999983
420.7 0.999983
420.9 0.999983
421.1 0.999983
421.3 0.999983
421.5 0.999983
421.7 0.999983
421.9 0.999983
422.1 0.999983
422.3 0.999983
422.5 0.999983
422.7 0.999983
422.9 0.999983
423.1 0.999983
423.3 0.999983
423.5 0.999983
423.7 0.999983
423.9 0.999983
424.1 0.999983
424.3 0.999983
424.5 0.999983
424.7 0.999983
424.9 0.999983
425.1 0.999983
425.3 0.999983
425.5 0.999983
425.7 0.999983
425.9 0.999983
426.1 0.999983
426.3 0.999983
426.5 0.999983
426.7 0.999983
426.9 0.999983
427.1 0.999983
427.3 0.999983
427.5 0.999983
427.7 0.999983
427.9 0.999983
428.1 0.999983
428.3 0.999983
428.5 0.999983
428.7 0.999983
428.9 0.999983
429.1 0.999983
429.3 0.999983
429.5 0.999983
429.7 0.999983
429.9 0.999983
430.1 0.999983
430.3 0.999983
430.5 0.999983
430.7 0.999983
430.9 0.999983
431.1 0.999983
431.3 0.999983
431.5 0.999983
431.7 0.999983
431.9 0.999983
432.1 0.999983
432.3 0.999983
432.5 0.999983
432.7 0.999983
432.9 0.999983
433.1 0.999983
433.3 0.999983
433.5 0.999983
433.7 0.999983
433.9 0.999983
434.1 0.999983
434.3 0.999983
434.5 0.999983
434.7 0.999983
434.9 0.999983
435.1 0.999983
435.3 0.999983
435.5 0.999983
435.7 0.999983
435.9 0.999983
436.1 0.999983
436.3 0.999983
436.5 0.999983
436.7 0.999983
436.9 0.999983
437.1 0.999983
437.3 0.999983
437.5 0.999983
437.7 0.999983
437.9 0.999983
438.1 0.999983
438.3 0.999983
438.5 0.999983
438.7 0.999983
438.9 0.999983
439.1 0.999983
439.3 0.999983
439.5 0.999983
439.7 0.999983
439.9 0.999983
440.1 0.999983
440.3 0.999983
440.5 0.999983
440.7 0.999983
440.9 0.999983
441.1 0.999983
441.3 0.999983
441.5 0.999983
441.7 0.999983
441.9 0.999983
442.1 0.999983
442.3 0.999983
442.5 0.999983
442.7 0.999983
442.9 0.999983
443.1 0.999983
443.3 0.999983
443.5 0.999983
443.7 0.999983
443.9 0.999983
444.1 0.999983
444.3 0.999983
444.5 0.999983
444.7 0.999983
444.9 0.999983
445.1 0.999983
445.3 0.999983
445.5 0.999983
445.7 0.999983
445.9 0.999983
446.1 0.999991
446.3 0.999991
446.5 0.999991
446.7 0.999991
446.9 0.999991
447.1 0.999991
447.3 0.999991
447.5 0.999991
447.7 0.999991
447.9 0.999991
448.1 0.999991
448.3 0.999991
448.5 0.999991
448.7 0.999991
448.9 0.999991
449.1 1
