1614
127.5 9.26243e-06
127.7 1.85249e-05
127.9 1.85249e-05
128.1 1.85249e-05
128.3 1.85249e-05
128.5 1.85249e-05
128.7 1.85249e-05
128.9 2.77873e-05
129.1 2.77873e-05
129.3 2.77873e-05
129.5 2.77873e-05
129.7 3.70497e-05
129.9 3.70497e-05
130.1 3.70497e-05
130.3 6.4837e-05
130.5 9.26243e-05
130.7 0.000111149
130.9 0.000138936
131.1 0.000157461
131.3 0.000222298
131.5 0.000287135
131.7 0.000407547
131.9 0.000527959
132.1 0.000639108
132.3 0.000824356
132.5 0.00110223
132.7 0.00139863
132.9 0.00174134
133.1 0.00226003
133.3 0.00278799
133.5 0.00352899
133.7 0.00444597
133.9 0.00531664
134.1 0.0064096
134.3 0.00766003
134.5 0.00901235
134.7 0.0105221
134.9 0.0118281
135.1 0.0136343
135.3 0.0151533
135.5 0.0168021
135.7 0.0185712
135.9 0.0203866
136.1 0.0222021
136.3 0.0239434
136.5 0.0259533
136.7 0.0277966
136.9 0.0295101
137.1 0.0313348
137.3 0.0331317
137.5 0.0348267
137.7 0.0366607
137.9 0.0382631
138.1 0.0398748
138.3 0.0416068
138.5 0.0433111
138.7 0.0448302
138.9 0.0464418
139.1 0.0480165
139.3 0.0494243
139.5 0.0509156
139.7 0.0522494
139.9 0.0537777
140.1 0.0550559
140.3 0.0566305
140.5 0.0579921
140.7 0.0593259
140.9 0.0609931
141.1 0.0626696
141.3 0.063883
141.5 0.0651797
141.7 0.0663561
141.9 0.0675417
142.1 0.0686995
142.3 0.0701074
142.5 0.0715801
142.7 0.0727471
142.9 0.0739976
143.1 0.0752387
143.3 0.0764984
143.5 0.0778322
143.7 0.079166
143.9 0.0803331
144.1 0.0816854
144.3 0.0829451
144.5 0.084214
144.7 0.0854459
144.9 0.0867149
145.1 0.0879375
145.3 0.0890676
145.5 0.0901698
145.7 0.0916147
145.9 0.0928374
146.1 0.0940322
146.3 0.095366
146.5 0.0965238
146.7 0.0977465
146.9 0.0988487
147.1 0.0999787
147.3 0.101155
147.5 0.10235
147.7 0.103554
147.9 0.104832
148.1 0.10587
148.3 0.107
148.5 0.108232
148.7 0.109602
148.9 0.110705
149.1 0.111918
149.3 0.113196
149.5 0.114215
149.7 0.11528
149.9 0.116531
150.1 0.117587
150.3 0.118893
150.5 0.119949
150.7 0.121116
150.9 0.122292
151.1 0.123459
151.3 0.124524
151.5 0.125589
151.7 0.126627
151.9 0.127803
152.1 0.128701
152.3 0.129878
152.5 0.131045
152.7 0.132045
152.9 0.133018
153.1 0.134111
153.3 0.135222
153.5 0.136213
153.7 0.137204
153.9 0.138084
154.1 0.13902
154.3 0.14002
154.5 0.141048
154.7 0.14203
154.9 0.143123
155.1 0.144188
155.3 0.145244
155.5 0.146189
155.7 0.147245
155.9 0.148116
156.1 0.149171
156.3 0.150255
156.5 0.151163
156.7 0.151987
156.9 0.152951
157.1 0.15409
157.3 0.155081
157.5 0.155952
157.7 0.156989
157.9 0.157999
158.1 0.159045
158.3 0.159916
158.5 0.160861
158.7 0.161787
158.9 0.162741
159.1 0.163704
159.3 0.164538
159.5 0.165668
159.7 0.166492
159.9 0.167391
160.1 0.168271
160.3 0.169086
160.5 0.169873
160.7 0.170623
160.9 0.171596
161.1 0.17255
161.3 0.173458
161.5 0.174375
161.7 0.175403
161.9 0.176209
162.1 0.17719
162.3 0.178061
162.5 0.178978
162.7 0.179988
162.9 0.180775
163.1 0.181673
163.3 0.182664
163.5 0.183646
163.7 0.184554
163.9 0.185499
164.1 0.186397
164.3 0.187333
164.5 0.188176
164.7 0.18888
164.9 0.189639
165.1 0.190621
165.3 0.191464
165.5 0.192381
165.7 0.193353
165.9 0.194076
166.1 0.194928
166.3 0.195715
166.5 0.196632
166.7 0.197503
166.9 0.198364
167.1 0.199226
167.3 0.200059
167.5 0.201078
167.7 0.201736
167.9 0.202616
168.1 0.203347
168.3 0.204227
168.5 0.205024
168.7 0.205969
168.9 0.206728
169.1 0.207664
169.3 0.20846
169.5 0.209257
169.7 0.2101
169.9 0.210952
170.1 0.211841
170.3 0.212749
170.5 0.213592
170.7 0.214305
170.9 0.214953
171.1 0.215907
171.3 0.216704
171.5 0.217565
171.7 0.218417
171.9 0.219103
172.1 0.219936
172.3 0.220798
172.5 0.221715
172.7 0.222586
172.9 0.223401
173.1 0.224429
173.3 0.225244
173.5 0.226022
173.7 0.226883
173.9 0.227763
174.1 0.228652
174.3 0.229551
174.5 0.230301
174.7 0.231088
174.9 0.231792
175.1 0.232682
175.3 0.233673
175.5 0.23459
175.7 0.235405
175.9 0.23609
176.1 0.236989
176.3 0.237739
176.5 0.238693
176.7 0.239712
176.9 0.240555
177.1 0.241462
177.3 0.242398
177.5 0.243324
177.7 0.244241
177.9 0.245223
178.1 0.246029
178.3 0.247075
178.5 0.248085
178.7 0.248956
178.9 0.249669
179.1 0.250456
179.3 0.251271
179.5 0.252031
179.7 0.252846
179.9 0.253642
180.1 0.254541
180.3 0.255393
180.5 0.256273
180.7 0.25706
180.9 0.257949
181.1 0.258663
181.3 0.259524
181.5 0.260515
181.7 0.261201
181.9 0.262062
182.1 0.26296
182.3 0.263794
182.5 0.264618
182.7 0.265341
182.9 0.266156
183.1 0.266897
183.3 0.267795
183.5 0.268499
183.7 0.269277
183.9 0.270148
184.1 0.270926
184.3 0.271834
184.5 0.272751
184.7 0.273529
184.9 0.274242
185.1 0.275326
185.3 0.276132
185.5 0.277002
185.7 0.277956
185.9 0.278836
186.1 0.279559
186.3 0.280272
186.5 0.281087
186.7 0.281921
186.9 0.282819
187.1 0.283662
187.3 0.284551
187.5 0.285552
187.7 0.286376
187.9 0.287256
188.1 0.288423
188.3 0.289284
188.5 0.290062
188.7 0.290813
188.9 0.291674
189.1 0.292517
189.3 0.29323
189.5 0.294045
189.7 0.294805
189.9 0.295592
190.1 0.296453
190.3 0.297222
190.5 0.297917
190.7 0.298825
190.9 0.299658
191.1 0.300436
191.3 0.301316
191.5 0.302094
191.7 0.302974
191.9 0.303836
192.1 0.304697
192.3 0.305558
192.5 0.306438
192.7 0.307272
192.9 0.308244
193.1 0.309087
193.3 0.309949
193.5 0.310847
193.7 0.311653
193.9 0.312505
194.1 0.313348
194.3 0.313987
194.5 0.314812
194.7 0.315636
194.9 0.316571
195.1 0.317285
195.3 0.318211
195.5 0.319026
195.7 0.319989
195.9 0.321027
196.1 0.321888
196.3 0.322749
196.5 0.323453
196.7 0.324306
196.9 0.325084
197.1 0.325825
197.3 0.32663
197.5 0.327529
197.7 0.328511
197.9 0.329372
198.1 0.330234
198.3 0.331215
198.5 0.332243
198.7 0.333059
198.9 0.333938
199.1 0.3348
199.3 0.335809
199.5 0.336791
199.7 0.337588
199.9 0.338505
200.1 0.339218
200.3 0.340107
200.5 0.340941
200.7 0.34183
200.9 0.342812
201.1 0.34359
201.3 0.344433
201.5 0.345155
201.7 0.346026
201.9 0.346887
202.1 0.347693
202.3 0.34836
202.5 0.349231
202.7 0.350092
202.9 0.350805
203.1 0.351574
203.3 0.352352
203.5 0.353112
203.7 0.353871
203.9 0.354807
204.1 0.355761
204.3 0.356418
204.5 0.357271
204.7 0.358076
204.9 0.358947
205.1 0.359827
205.3 0.360864
205.5 0.361717
205.7 0.362587
205.9 0.363337
206.1 0.364088
206.3 0.364977
206.5 0.36569
206.7 0.36657
206.9 0.367441
207.1 0.36833
207.3 0.369275
207.5 0.370201
207.7 0.371053
207.9 0.371905
208.1 0.37273
208.3 0.373517
208.5 0.374425
208.7 0.375416
208.9 0.376221
209.1 0.377037
209.3 0.37787
209.5 0.378639
209.7 0.379436
209.9 0.380093
210.1 0.380853
210.3 0.381575
210.5 0.38227
210.7 0.383242
210.9 0.384233
211.1 0.384891
211.3 0.385762
211.5 0.386558
211.7 0.387605
211.9 0.388411
212.1 0.389226
212.3 0.390115
212.5 0.391014
212.7 0.391847
212.9 0.392699
213.1 0.393533
213.3 0.394589
213.5 0.395506
213.7 0.396321
213.9 0.397016
214.1 0.397701
214.3 0.398498
214.5 0.399248
214.7 0.400285
214.9 0.401249
215.1 0.40211
215.3 0.402916
215.5 0.403712
215.7 0.404472
215.9 0.405361
216.1 0.406111
216.3 0.407038
216.5 0.407918
216.7 0.408696
216.9 0.409446
217.1 0.410363
217.3 0.411196
217.5 0.412049
217.7 0.41304
217.9 0.413873
218.1 0.414781
218.3 0.41567
218.5 0.416606
218.7 0.417393
218.9 0.418143
219.1 0.41906
219.3 0.419894
219.5 0.42095
219.7 0.421746
219.9 0.422515
220.1 0.42346
220.3 0.424432
220.5 0.425322
220.7 0.426202
220.9 0.426989
221.1 0.427822
221.3 0.428563
221.5 0.429499
221.7 0.430175
221.9 0.430972
222.1 0.431954
222.3 0.432972
222.5 0.43376
222.7 0.434566
222.9 0.435316
223.1 0.436168
223.3 0.437029
223.5 0.437983
223.7 0.438854
223.9 0.439734
224.1 0.440484
224.3 0.441318
224.5 0.442309
224.7 0.443124
224.9 0.443921
225.1 0.444801
225.3 0.445764
225.5 0.446616
225.7 0.447524
225.9 0.448404
226.1 0.4492
226.3 0.450034
226.5 0.450923
226.7 0.451673
226.9 0.452535
227.1 0.45334
227.3 0.454081
227.5 0.454897
227.7 0.455573
227.9 0.456434
228.1 0.457175
228.3 0.457861
228.5 0.458583
228.7 0.4595
228.9 0.460167
229.1 0.46088
229.3 0.461769
229.5 0.462427
229.7 0.463159
229.9 0.464159
230.1 0.46515
230.3 0.465984
230.5 0.466715
230.7 0.467382
230.9 0.468096
231.1 0.468911
231.3 0.469754
231.5 0.470661
231.7 0.471569
231.9 0.472495
232.1 0.473384
232.3 0.474153
232.5 0.474839
232.7 0.475607
232.9 0.476413
233.1 0.477293
233.3 0.478201
233.5 0.47896
233.7 0.479775
233.9 0.480535
234.1 0.481387
234.3 0.482184
234.5 0.483128
234.7 0.483869
234.9 0.484712
235.1 0.485602
235.3 0.486444
235.5 0.487185
235.7 0.488001
235.9 0.488945
236.1 0.489723
236.3 0.490335
236.5 0.49102
236.7 0.491844
236.9 0.492715
237.1 0.49366
237.3 0.494503
237.5 0.49529
237.7 0.496031
237.9 0.496744
238.1 0.497633
238.3 0.498486
238.5 0.499338
238.7 0.500153
238.9 0.500949
239.1 0.501727
239.3 0.502709
239.5 0.503543
239.7 0.504423
239.9 0.505247
240.1 0.505896
240.3 0.506868
240.5 0.507748
240.7 0.508554
240.9 0.509452
241.1 0.510091
241.3 0.510934
241.5 0.511786
241.7 0.512731
241.9 0.513556
242.1 0.514306
242.3 0.515102
242.5 0.515871
242.7 0.516686
242.9 0.517501
243.1 0.518446
243.3 0.519326
243.5 0.520086
243.7 0.520975
243.9 0.521845
244.1 0.522698
244.3 0.523402
244.5 0.524309
244.7 0.525161
244.9 0.526152
245.1 0.526995
245.3 0.527866
245.5 0.528588
245.7 0.52945
245.9 0.530163
246.1 0.530858
246.3 0.531682
246.5 0.532581
246.7 0.533414
246.9 0.534442
247.1 0.535267
247.3 0.536128
247.5 0.536999
247.7 0.537888
247.9 0.538703
248.1 0.5395
248.3 0.540426
248.5 0.541084
248.7 0.541963
248.9 0.542714
249.1 0.543399
249.3 0.544094
249.5 0.544909
249.7 0.545956
249.9 0.546845
250.1 0.547697
250.3 0.548632
250.5 0.549485
250.7 0.550309
250.9 0.551013
251.1 0.551865
251.3 0.552754
251.5 0.553588
251.7 0.55431
251.9 0.555088
252.1 0.555968
252.3 0.556876
252.5 0.557793
252.7 0.558812
252.9 0.559618
253.1 0.560414
253.3 0.561331
253.5 0.562081
253.7 0.563137
253.9 0.564128
254.1 0.564925
254.3 0.565694
254.5 0.566388
254.7 0.567111
254.9 0.567824
255.1 0.568769
255.3 0.569501
255.5 0.570344
255.7 0.571261
255.9 0.57202
256.1 0.572817
256.3 0.573789
256.5 0.574614
256.7 0.575679
256.9 0.576605
257.1 0.577411
257.3 0.578217
257.5 0.579189
257.7 0.580004
257.9 0.580847
258.1 0.581634
258.3 0.58244
258.5 0.583144
258.7 0.583867
258.9 0.584747
259.1 0.585488
259.3 0.586386
259.5 0.587229
259.7 0.588044
259.9 0.58897
260.1 0.589776
260.3 0.590619
260.5 0.591536
260.7 0.592277
260.9 0.592999
261.1 0.593916
261.3 0.594769
261.5 0.595593
261.7 0.596445
261.9 0.597251
262.1 0.59802
262.3 0.599103
262.5 0.599844
262.7 0.60065
262.9 0.601567
263.1 0.602503
263.3 0.603364
263.5 0.60404
263.7 0.60492
263.9 0.605846
264.1 0.606643
264.3 0.607375
264.5 0.608292
264.7 0.609246
264.9 0.610172
265.1 0.610885
265.3 0.611886
265.5 0.612775
265.7 0.61371
265.9 0.614609
266.1 0.615461
266.3 0.616294
266.5 0.617073
266.7 0.617767
266.9 0.618675
267.1 0.619573
267.3 0.620324
267.5 0.62125
267.7 0.622139
267.9 0.623075
268.1 0.62388
268.3 0.624955
268.5 0.625807
268.7 0.626659
268.9 0.627419
269.1 0.628178
269.3 0.628984
269.5 0.629623
269.7 0.630438
269.9 0.631244
270.1 0.632059
270.3 0.632976
270.5 0.633773
270.7 0.634653
270.9 0.635357
271.1 0.63619
271.3 0.637042
271.5 0.637802
271.7 0.638487
271.9 0.639386
272.1 0.640312
272.3 0.641071
272.5 0.64197
272.7 0.642729
272.9 0.643517
273.1 0.644286
273.3 0.645184
273.5 0.64599
273.7 0.64687
273.9 0.647648
274.1 0.648546
274.3 0.649556
274.5 0.650417
274.7 0.651186
274.9 0.652085
275.1 0.652992
275.3 0.653733
275.5 0.654706
275.7 0.655595
275.9 0.656262
276.1 0.657105
276.3 0.658096
276.5 0.658976
276.7 0.659745
276.9 0.660523
277.1 0.661273
277.3 0.662162
277.5 0.662977
277.7 0.6637
277.9 0.664496
278.1 0.665348
278.3 0.666321
278.5 0.667201
278.7 0.668099
278.9 0.668914
279.1 0.669766
279.3 0.670415
279.5 0.671211
279.7 0.671943
279.9 0.672721
280.1 0.673666
280.3 0.674657
280.5 0.6755
280.7 0.676204
280.9 0.676936
281.1 0.67776
281.3 0.678631
281.5 0.679585
281.7 0.680326
281.9 0.681178
282.1 0.68203
282.3 0.682799
282.5 0.683623
282.7 0.684494
282.9 0.685411
283.1 0.686356
283.3 0.6873
283.5 0.688245
283.7 0.68906
283.9 0.689838
284.1 0.690672
284.3 0.691552
284.5 0.692348
284.7 0.693367
284.9 0.694182
285.1 0.695109
285.3 0.695877
285.5 0.696692
285.7 0.697545
285.9 0.698295
286.1 0.699008
286.3 0.699943
286.5 0.700925
286.7 0.701657
286.9 0.702491
287.1 0.70325
287.3 0.704093
287.5 0.704825
287.7 0.705566
287.9 0.706409
288.1 0.707298
288.3 0.708048
288.5 0.708919
288.7 0.709817
288.9 0.710697
289.1 0.71142
289.3 0.712235
289.5 0.713142
289.7 0.713837
289.9 0.714643
290.1 0.715393
290.3 0.716116
290.5 0.716857
290.7 0.717681
290.9 0.718755
291.1 0.719543
291.3 0.720488
291.5 0.721368
291.7 0.722238
291.9 0.722998
292.1 0.723915
292.3 0.724804
292.5 0.725619
292.7 0.726545
292.9 0.727249
293.1 0.728046
293.3 0.728787
293.5 0.72962
293.7 0.730593
293.9 0.731408
294.1 0.732269
294.3 0.732946
294.5 0.733853
294.7 0.734752
294.9 0.735678
295.1 0.73653
295.3 0.737382
295.5 0.738234
295.7 0.739225
295.9 0.740115
296.1 0.740985
296.3 0.741745
296.5 0.74268
296.7 0.74356
296.9 0.744366
297.1 0.745172
297.3 0.745904
297.5 0.746895
297.7 0.747877
297.9 0.748729
298.1 0.749581
298.3 0.750461
298.5 0.751165
298.7 0.752045
298.9 0.752813
299.1 0.753749
299.3 0.754518
299.5 0.755342
299.7 0.756166
299.9 0.756907
300.1 0.757787
300.3 0.758704
300.5 0.759612
300.7 0.760418
300.9 0.761224
301.1 0.761965
301.3 0.762835
301.5 0.763715
301.7 0.764429
301.9 0.765281
302.1 0.766151
302.3 0.766957
302.5 0.767772
302.7 0.76843
302.9 0.769143
303.1 0.769875
303.3 0.770597
303.5 0.77144
303.7 0.772172
303.9 0.772941
304.1 0.773913
304.3 0.774701
304.5 0.775497
304.7 0.776331
304.9 0.777285
305.1 0.778054
305.3 0.778906
305.5 0.779637
305.7 0.780425
305.9 0.781101
306.1 0.78187
306.3 0.783055
306.5 0.783944
306.7 0.784982
306.9 0.785862
307.1 0.786899
307.3 0.787696
307.5 0.788539
307.7 0.789372
307.9 0.790308
308.1 0.79116
308.3 0.791994
308.5 0.79267
308.7 0.793503
308.9 0.794383
309.1 0.79505
309.3 0.795763
309.5 0.796708
309.7 0.797532
309.9 0.798199
310.1 0.798996
310.3 0.79983
310.5 0.800598
310.7 0.801395
310.9 0.802275
311.1 0.803081
311.3 0.803896
311.5 0.804646
311.7 0.805517
311.9 0.80636
312.1 0.807314
312.3 0.808138
312.5 0.809055
312.7 0.80987
312.9 0.810639
313.1 0.81138
313.3 0.81226
313.5 0.813167
313.7 0.814038
313.9 0.814807
314.1 0.815631
314.3 0.81653
314.5 0.817373
314.7 0.818225
314.9 0.819234
315.1 0.820114
315.3 0.82105
315.5 0.821911
315.7 0.822754
315.9 0.823495
316.1 0.824329
316.3 0.825172
316.5 0.826005
316.7 0.826783
316.9 0.827645
317.1 0.828404
317.3 0.829201
317.5 0.830007
317.7 0.830775
317.9 0.831544
318.1 0.83247
318.3 0.83336
318.5 0.834165
318.7 0.835008
318.9 0.835786
319.1 0.836537
319.3 0.837222
319.5 0.838065
319.7 0.839019
319.9 0.839732
320.1 0.840538
320.3 0.841446
320.5 0.842233
320.7 0.843067
320.9 0.843882
321.1 0.844678
321.3 0.845512
321.5 0.846373
321.7 0.847124
321.9 0.8478
322.1 0.848578
322.3 0.849495
322.5 0.850282
322.7 0.851032
322.9 0.851884
323.1 0.852866
323.3 0.853802
323.5 0.854635
323.7 0.855608
323.9 0.856414
324.1 0.857127
324.3 0.857961
324.5 0.858766
324.7 0.859619
324.9 0.860563
325.1 0.861527
325.3 0.862388
325.5 0.863138
325.7 0.863981
325.9 0.864833
326.1 0.865574
326.3 0.866556
326.5 0.867455
326.7 0.868381
326.9 0.869298
327.1 0.870215
327.3 0.870984
327.5 0.871808
327.7 0.872586
327.9 0.873447
328.1 0.874383
328.3 0.875152
328.5 0.876004
328.7 0.876745
328.9 0.877532
329.1 0.878301
329.3 0.879255
329.5 0.880089
329.7 0.881033
329.9 0.88196
330.1 0.882765
330.3 0.883618
330.5 0.884507
330.7 0.885266
330.9 0.886035
331.1 0.88672
331.3 0.88748
331.5 0.888378
331.7 0.889258
331.9 0.890166
332.1 0.891111
332.3 0.891982
332.5 0.892797
332.7 0.893593
332.9 0.894427
333.1 0.895436
333.3 0.896289
333.5 0.897048
333.7 0.897798
333.9 0.898641
334.1 0.899364
334.3 0.900253
334.5 0.901188
334.7 0.901994
334.9 0.9028
335.1 0.903541
335.3 0.904347
335.5 0.905255
335.7 0.906023
335.9 0.90682
336.1 0.907552
336.3 0.908339
336.5 0.909219
336.7 0.910062
336.9 0.910831
337.1 0.911442
337.3 0.912183
337.5 0.912979
337.7 0.913776
337.9 0.914563
338.1 0.91523
338.3 0.916036
338.5 0.916907
338.7 0.917675
338.9 0.918592
339.1 0.919537
339.3 0.920454
339.5 0.921288
339.7 0.922057
339.9 0.922881
340.1 0.923733
340.3 0.924595
340.5 0.925326
340.7 0.926049
340.9 0.926901
341.1 0.92766
341.3 0.928475
341.5 0.929281
341.7 0.930189
341.9 0.930819
342.1 0.931597
342.3 0.932468
342.5 0.933153
342.7 0.934061
342.9 0.934839
343.1 0.935821
343.3 0.936488
343.5 0.937256
343.7 0.938136
343.9 0.938905
344.1 0.939757
344.3 0.940489
344.5 0.941174
344.7 0.941971
344.9 0.942842
345.1 0.943536
345.3 0.944185
345.5 0.945
345.7 0.945694
345.9 0.946593
346.1 0.947343
346.3 0.948047
346.5 0.948732
346.7 0.949492
346.9 0.950205
347.1 0.95103
347.3 0.951845
347.5 0.95278
347.7 0.95354
347.9 0.954327
348.1 0.955096
348.3 0.955698
348.5 0.956596
348.7 0.9573
348.9 0.957967
349.1 0.958801
349.3 0.95956
349.5 0.960264
349.7 0.961042
349.9 0.961802
350.1 0.962478
350.3 0.963312
350.5 0.96396
350.7 0.964655
350.9 0.965312
351.1 0.965942
351.3 0.966461
351.5 0.967146
351.7 0.967822
351.9 0.968387
352.1 0.969045
352.3 0.969573
352.5 0.970277
352.7 0.970842
352.9 0.97137
353.1 0.97199
353.3 0.972509
353.5 0.973056
353.7 0.973695
353.9 0.974287
354.1 0.974908
354.3 0.975473
354.5 0.97601
354.7 0.976492
354.9 0.976964
355.1 0.977465
355.3 0.978048
355.5 0.978595
355.7 0.97915
355.9 0.979558
356.1 0.979947
356.3 0.980567
356.5 0.980984
356.7 0.981457
356.9 0.981883
357.1 0.982383
357.3 0.982809
357.5 0.983226
357.7 0.983689
357.9 0.984143
358.1 0.98468
358.3 0.98505
358.5 0.985328
358.7 0.985782
358.9 0.98618
359.1 0.986625
359.3 0.986977
359.5 0.987403
359.7 0.987737
359.9 0.988116
360.1 0.988478
360.3 0.988755
360.5 0.98908
360.7 0.989506
360.9 0.989811
361.1 0.990145
361.3 0.990404
361.5 0.99071
361.7 0.990969
361.9 0.991173
362.1 0.991479
362.3 0.991719
362.5 0.991969
362.7 0.992257
362.9 0.992488
363.1 0.992738
363.3 0.992961
363.5 0.993201
363.7 0.993479
363.9 0.993757
364.1 0.9941
364.3 0.994239
364.5 0.994387
364.7 0.994544
364.9 0.994693
365.1 0.994878
365.3 0.995026
365.5 0.995156
365.7 0.995313
365.9 0.995443
366.1 0.995665
366.3 0.995795
366.5 0.995934
366.7 0.996073
366.9 0.996202
367.1 0.996258
367.3 0.99636
367.5 0.996397
367.7 0.99649
367.9 0.996573
368.1 0.996684
368.3 0.996758
368.5 0.996823
368.7 0.996897
368.9 0.996971
369.1 0.997045
369.3 0.997092
369.5 0.997156
369.7 0.997203
369.9 0.997268
370.1 0.997305
370.3 0.997332
370.5 0.997351
370.7 0.997397
370.9 0.997453
371.1 0.997518
371.3 0.997545
371.5 0.997564
371.7 0.997564
371.9 0.997592
372.1 0.997629
372.3 0.997675
372.5 0.997703
372.7 0.997721
372.9 0.997768
373.1 0.997786
373.3 0.997823
373.5 0.997833
373.7 0.997833
373.9 0.997851
374.1 0.997879
374.3 0.997879
374.5 0.997897
374.7 0.997907
374.9 0.997925
375.1 0.997934
375.3 0.997934
375.5 0.997934
375.7 0.997944
375.9 0.997962
376.1 0.997972
376.3 0.99799
376.5 0.99799
376.7 0.99799
376.9 0.997999
377.1 0.998009
377.3 0.998009
377.5 0.998009
377.7 0.998018
377.9 0.998036
378.1 0.998036
378.3 0.998036
378.5 0.998036
378.7 0.998046
378.9 0.998083
379.1 0.998092
379.3 0.998092
379.5 0.998092
379.7 0.998092
379.9 0.998092
380.1 0.998101
380.3 0.99811
380.5 0.99811
380.7 0.99811
380.9 0.99811
381.1 0.99811
381.3 0.99812
381.5 0.99812
381.7 0.99812
381.9 0.99812
382.1 0.99812
382.3 0.99812
382.5 0.998138
382.7 0.998138
382.9 0.998157
383.1 0.998157
383.3 0.998157
383.5 0.998185
383.7 0.998194
383.9 0.998194
384.1 0.998203
384.3 0.998222
384.5 0.998222
384.7 0.998222
384.9 0.998222
385.1 0.998231
385.3 0.99824
385.5 0.998249
385.7 0.998259
385.9 0.998268
386.1 0.998268
386.3 0.998268
386.5 0.998277
386.7 0.998286
386.9 0.998305
387.1 0.998305
387.3 0.998305
387.5 0.998314
387.7 0.998314
387.9 0.998323
388.1 0.998333
388.3 0.998333
388.5 0.998333
388.7 0.998342
388.9 0.998342
389.1 0.998342
389.3 0.998342
389.5 0.998342
389.7 0.998342
389.9 0.998351
390.1 0.998351
390.3 0.998351
390.5 0.998351
390.7 0.998351
390.9 0.998351
391.1 0.998351
391.3 0.998351
391.5 0.99837
391.7 0.99837
391.9 0.99837
392.1 0.998379
392.3 0.998388
392.5 0.998388
392.7 0.998388
392.9 0.998398
393.1 0.998398
393.3 0.998407
393.5 0.998407
393.7 0.998416
393.9 0.998453
394.1 0.998462
394.3 0.998462
394.5 0.998472
394.7 0.998472
394.9 0.998472
395.1 0.998481
395.3 0.99849
395.5 0.998499
395.7 0.998499
395.9 0.998499
396.1 0.998518
396.3 0.998518
396.5 0.998518
396.7 0.998527
396.9 0.998537
397.1 0.998555
397.3 0.998555
397.5 0.998555
397.7 0.998574
397.9 0.998583
398.1 0.998583
398.3 0.998601
398.5 0.998601
398.7 0.998601
398.9 0.998611
399.1 0.998611
399.3 0.998611
399.5 0.998611
399.7 0.998611
399.9 0.998629
400.1 0.998657
400.3 0.998657
400.5 0.998657
400.7 0.998657
400.9 0.998657
401.1 0.998657
401.3 0.998666
401.5 0.998685
401.7 0.998694
401.9 0.998703
402.1 0.998713
402.3 0.998722
402.5 0.998731
402.7 0.998731
402.9 0.998731
403.1 0.998731
403.3 0.998731
403.5 0.99874
403.7 0.99875
403.9 0.998759
404.1 0.998768
404.3 0.998768
404.5 0.998777
404.7 0.998777
404.9 0.998777
405.1 0.998805
405.3 0.998814
405.5 0.998824
405.7 0.998824
405.9 0.998824
406.1 0.998842
406.3 0.998842
406.5 0.998851
406.7 0.998861
406.9 0.998861
407.1 0.99887
407.3 0.998879
407.5 0.998889
407.7 0.998889
407.9 0.998926
408.1 0.998944
408.3 0.998972
408.5 0.998972
408.7 0.99899
408.9 0.999009
409.1 0.999018
409.3 0.999027
409.5 0.999027
409.7 0.999027
409.9 0.999027
410.1 0.999037
410.3 0.999037
410.5 0.999037
410.7 0.999046
410.9 0.999046
411.1 0.999046
411.3 0.999046
411.5 0.999046
411.7 0.999046
411.9 0.999064
412.1 0.999064
412.3 0.999074
412.5 0.999083
412.7 0.999092
412.9 0.999102
413.1 0.999102
413.3 0.999102
413.5 0.999102
413.7 0.999102
413.9 0.999102
414.1 0.999111
414.3 0.99912
414.5 0.99912
414.7 0.999129
414.9 0.999139
415.1 0.999139
415.3 0.999157
415.5 0.999166
415.7 0.999166
415.9 0.999176
416.1 0.999176
416.3 0.999176
416.5 0.999185
416.7 0.999203
416.9 0.999213
417.1 0.999222
417.3 0.999231
417.5 0.99924
417.7 0.99924
417.9 0.99924
418.1 0.99924
418.3 0.999259
418.5 0.999259
418.7 0.999259
418.9 0.999259
419.1 0.999259
419.3 0.999278
419.5 0.999278
419.7 0.999296
419.9 0.999296
420.1 0.999305
420.3 0.999305
420.5 0.999324
420.7 0.999324
420.9 0.999324
421.1 0.999352
421.3 0.999352
421.5 0.999352
421.7 0.999361
421.9 0.999361
422.1 0.99937
422.3 0.99937
422.5 0.999379
422.7 0.999389
422.9 0.999389
423.1 0.999398
423.3 0.999407
423.5 0.999407
423.7 0.999416
423.9 0.999416
424.1 0.999426
424.3 0.999435
424.5 0.999435
424.7 0.999444
424.9 0.999454
425.1 0.999454
425.3 0.999454
425.5 0.999454
425.7 0.999454
425.9 0.999454
426.1 0.999454
426.3 0.999454
426.5 0.999463
426.7 0.999472
426.9 0.999481
427.1 0.999481
427.3 0.999491
427.5 0.9995
427.7 0.999509
427.9 0.999518
428.1 0.999518
428.3 0.999518
428.5 0.999518
428.7 0.999528
428.9 0.999537
429.1 0.999546
429.3 0.999546
429.5 0.999555
429.7 0.999555
429.9 0.999565
430.1 0.999565
430.3 0.999565
430.5 0.999565
430.7 0.999565
430.9 0.999565
431.1 0.999565
431.3 0.999565
431.5 0.999565
431.7 0.999565
431.9 0.999565
432.1 0.999583
432.3 0.999583
432.5 0.999592
432.7 0.999592
432.9 0.999602
433.1 0.999602
433.3 0.999602
433.5 0.999611
433.7 0.999611
433.9 0.999611
434.1 0.99962
434.3 0.99962
434.5 0.99963
434.7 0.99963
434.9 0.999639
435.1 0.999648
435.3 0.999657
435.5 0.999667
435.7 0.999667
435.9 0.999667
436.1 0.999676
436.3 0.999694
436.5 0.999694
436.7 0.999704
436.9 0.999704
437.1 0.999704
437.3 0.999704
437.5 0.999704
437.7 0.999704
437.9 0.999713
438.1 0.999722
438.3 0.99975
438.5 0.99975
438.7 0.99975
438.9 0.99975
439.1 0.999759
439.3 0.999759
439.5 0.999759
439.7 0.999759
439.9 0.999768
440.1 0.999768
440.3 0.999778
440.5 0.999787
440.7 0.999796
440.9 0.999805
441.1 0.999805
441.3 0.999815
441.5 0.999815
441.7 0.999824
441.9 0.999824
442.1 0.999824
442.3 0.999824
442.5 0.999833
442.7 0.999833
442.9 0.999833
443.1 0.999833
443.3 0.999843
443.5 0.999852
443.7 0.999852
443.9 0.99987
444.1 0.99987
444.3 0.99987
444.5 0.99987
444.7 0.99988
444.9 0.999889
445.1 0.999907
445.3 0.999907
445.5 0.999907
445.7 0.999907
445.9 0.999917
446.1 0.999917
446.3 0.999944
446.5 0.999954
446.7 0.999954
446.9 0.999963
447.1 0.999963
447.3 0.999963
447.5 0.999963
447.7 0.999963
447.9 0.999963
448.1 0.999963
448.3 0.999963
448.5 0.999963
448.7 0.999963
448.9 0.999972
449.1 0.999972
449.3 0.999981
449.5 0.999981
449.7 0.999981
449.9 0.999991
450.1 1
