1552
129.1 9.43289e-06
129.3 9.43289e-06
129.5 9.43289e-06
129.7 1.88658e-05
129.9 1.88658e-05
130.1 1.88658e-05
130.3 2.82987e-05
130.5 3.77316e-05
130.7 3.77316e-05
130.9 3.77316e-05
131.1 3.77316e-05
131.3 3.77316e-05
131.5 3.77316e-05
131.7 3.77316e-05
131.9 3.77316e-05
132.1 3.77316e-05
132.3 3.77316e-05
132.5 3.77316e-05
132.7 3.77316e-05
132.9 3.77316e-05
133.1 4.71645e-05
133.3 4.71645e-05
133.5 4.71645e-05
133.7 5.65974e-05
133.9 7.54632e-05
134.1 8.4896e-05
134.3 9.43289e-05
134.5 0.000113195
134.7 0.000150926
134.9 0.000245255
135.1 0.000301853
135.3 0.000405614
135.5 0.000584839
135.7 0.000764064
135.9 0.00102819
136.1 0.0014055
136.3 0.00174509
136.5 0.00224503
136.7 0.00282044
136.9 0.00359393
137.1 0.00455609
137.3 0.00551824
137.5 0.00692374
137.7 0.00827265
137.9 0.00983851
138.1 0.011527
138.3 0.0134041
138.5 0.0152624
138.7 0.0170924
138.9 0.0190356
139.1 0.0211014
139.3 0.0233464
139.5 0.0252613
139.7 0.0270913
139.9 0.0290062
140.1 0.031138
140.3 0.0331189
140.5 0.0350055
140.7 0.0367223
140.9 0.0384202
141.1 0.0397219
141.3 0.0414198
141.5 0.0430329
141.7 0.0449666
141.9 0.046457
142.1 0.0479097
142.3 0.0494378
142.5 0.0508433
142.7 0.0520979
142.9 0.0535977
143.1 0.0549655
143.3 0.0563898
143.5 0.0577576
143.7 0.0590028
143.9 0.060446
144.1 0.0618609
144.3 0.0630589
144.5 0.0644361
144.7 0.0659548
144.9 0.0674546
145.1 0.0684922
145.3 0.0698317
145.5 0.0709825
145.7 0.0722182
145.9 0.0735671
146.1 0.0749255
146.3 0.0761612
146.5 0.0775856
146.7 0.0788024
146.9 0.0800381
147.1 0.0814059
147.3 0.0827171
147.5 0.0841226
147.7 0.0853111
147.9 0.0865845
148.1 0.0878768
148.3 0.0890371
148.5 0.0903294
148.7 0.0916217
148.9 0.0929234
149.1 0.0939894
149.3 0.0952062
149.5 0.0965174
149.7 0.0976588
149.9 0.0989511
150.1 0.0998283
150.3 0.100743
150.5 0.101866
150.7 0.102979
150.9 0.104233
151.1 0.105365
151.3 0.106337
151.5 0.107592
151.7 0.108846
151.9 0.110035
152.1 0.111299
152.3 0.112421
152.5 0.113761
152.7 0.114874
152.9 0.115977
153.1 0.117062
153.3 0.118222
153.5 0.119383
153.7 0.120411
153.9 0.121543
154.1 0.12275
154.3 0.123694
154.5 0.124731
154.7 0.125703
154.9 0.126929
155.1 0.127882
155.3 0.129051
155.5 0.130249
155.7 0.131202
155.9 0.132089
156.1 0.133051
156.3 0.133928
156.5 0.134872
156.7 0.136022
156.9 0.136918
157.1 0.137947
157.3 0.138947
157.5 0.140012
157.7 0.141022
157.9 0.141908
158.1 0.142823
158.3 0.143833
158.5 0.144908
158.7 0.145983
158.9 0.14687
159.1 0.147927
159.3 0.148964
159.5 0.149983
159.7 0.150879
159.9 0.151945
160.1 0.152954
160.3 0.153888
160.5 0.154737
160.7 0.155747
160.9 0.156784
161.1 0.157888
161.3 0.158718
161.5 0.159633
161.7 0.160765
161.9 0.161614
162.1 0.162453
162.3 0.163425
162.5 0.164264
162.7 0.16517
162.9 0.166123
163.1 0.167066
163.3 0.168151
163.5 0.168924
163.7 0.169943
163.9 0.171037
164.1 0.171952
164.3 0.172801
164.5 0.173829
164.7 0.17482
164.9 0.175773
165.1 0.17681
165.3 0.177829
165.5 0.178801
165.7 0.179621
165.9 0.180574
166.1 0.181498
166.3 0.182385
166.5 0.183281
166.7 0.18414
166.9 0.185036
167.1 0.185941
167.3 0.186781
167.5 0.187715
167.7 0.188724
167.9 0.189677
168.1 0.19062
168.3 0.191459
168.5 0.192327
168.7 0.193205
168.9 0.194082
169.1 0.195016
169.3 0.195893
169.5 0.196836
169.7 0.197713
169.9 0.198383
170.1 0.199317
170.3 0.200213
170.5 0.20109
170.7 0.20193
170.9 0.202807
171.1 0.203543
171.3 0.204449
171.5 0.20542
171.7 0.206552
171.9 0.207429
172.1 0.208241
172.3 0.209137
172.5 0.209948
172.7 0.210967
172.9 0.211816
173.1 0.212617
173.3 0.213363
173.5 0.214221
173.7 0.215051
173.9 0.215834
174.1 0.216768
174.3 0.217626
174.5 0.218438
174.7 0.219353
174.9 0.220324
175.1 0.221305
175.3 0.22222
175.5 0.223079
175.7 0.223946
175.9 0.224805
176.1 0.225578
176.3 0.226522
176.5 0.227437
176.7 0.228267
176.9 0.228965
177.1 0.229832
177.3 0.230851
177.5 0.231804
177.7 0.232776
177.9 0.233634
178.1 0.234417
178.3 0.235304
178.5 0.236275
178.7 0.237039
178.9 0.23803
179.1 0.239067
179.3 0.239992
179.5 0.240784
179.7 0.241831
179.9 0.242765
180.1 0.243576
180.3 0.244491
180.5 0.245321
180.7 0.246246
180.9 0.247142
181.1 0.247887
181.3 0.248906
181.5 0.249717
181.7 0.250594
181.9 0.251604
182.1 0.252481
182.3 0.25349
182.5 0.254433
182.7 0.255414
182.9 0.25632
183.1 0.25715
183.3 0.257952
183.5 0.258735
183.7 0.259574
183.9 0.260565
184.1 0.261386
184.3 0.262253
184.5 0.263121
184.7 0.263998
184.9 0.26463
185.1 0.265498
185.3 0.266526
185.5 0.267413
185.7 0.26829
185.9 0.269366
186.1 0.270196
186.3 0.271083
186.5 0.271865
186.7 0.272733
186.9 0.273582
187.1 0.274554
187.3 0.27528
187.5 0.276082
187.7 0.276988
187.9 0.277789
188.1 0.278535
188.3 0.279393
188.5 0.280195
188.7 0.281034
188.9 0.281761
189.1 0.282723
189.3 0.283449
189.5 0.284128
189.7 0.284902
189.9 0.28577
190.1 0.286647
190.3 0.287505
190.5 0.288345
190.7 0.289222
190.9 0.290014
191.1 0.290826
191.3 0.291524
191.5 0.292429
191.7 0.293231
191.9 0.294146
192.1 0.294967
192.3 0.29591
192.5 0.296768
192.7 0.297712
192.9 0.298589
193.1 0.299447
193.3 0.300419
193.5 0.301211
193.7 0.302051
193.9 0.302928
194.1 0.303739
194.3 0.304569
194.5 0.305418
194.7 0.306267
194.9 0.307107
195.1 0.307767
195.3 0.308663
195.5 0.30955
195.7 0.310521
195.9 0.311323
196.1 0.312153
196.3 0.313153
196.5 0.313983
196.7 0.314917
196.9 0.315832
197.1 0.316691
197.3 0.317596
197.5 0.318615
197.7 0.319492
197.9 0.320247
198.1 0.321388
198.3 0.322397
198.5 0.323218
198.7 0.32402
198.9 0.324963
199.1 0.325916
199.3 0.326689
199.5 0.327623
199.7 0.328501
199.9 0.329312
200.1 0.330161
200.3 0.331057
200.5 0.332019
200.7 0.332934
200.9 0.333858
201.1 0.334773
201.3 0.335736
201.5 0.336811
201.7 0.33766
201.9 0.338575
202.1 0.339518
202.3 0.340443
202.5 0.341329
202.7 0.34215
202.9 0.342999
203.1 0.343848
203.3 0.344791
203.5 0.345772
203.7 0.346602
203.9 0.34747
204.1 0.348253
204.3 0.349083
204.5 0.349923
204.7 0.350809
204.9 0.351507
205.1 0.352488
205.3 0.353366
205.5 0.354243
205.7 0.355177
205.9 0.355988
206.1 0.356856
206.3 0.357724
206.5 0.358403
206.7 0.359318
206.9 0.360261
207.1 0.361148
207.3 0.362091
207.5 0.362997
207.7 0.363978
207.9 0.364808
208.1 0.365676
208.3 0.366581
208.5 0.367506
208.7 0.368392
208.9 0.369317
209.1 0.370222
209.3 0.371081
209.5 0.37192
209.7 0.372816
209.9 0.37358
210.1 0.37442
210.3 0.375259
210.5 0.376099
210.7 0.376891
210.9 0.377655
211.1 0.378542
211.3 0.379466
211.5 0.380259
211.7 0.381146
211.9 0.382211
212.1 0.383117
212.3 0.383966
212.5 0.384853
212.7 0.385645
212.9 0.386579
213.1 0.387362
213.3 0.388267
213.5 0.389003
213.7 0.389833
213.9 0.390654
214.1 0.391437
214.3 0.392257
214.5 0.393172
214.7 0.393918
214.9 0.394701
215.1 0.395493
215.3 0.396342
215.5 0.397031
215.7 0.397964
215.9 0.398879
216.1 0.399709
216.3 0.400643
216.5 0.401521
216.7 0.402426
216.9 0.403332
217.1 0.404294
217.3 0.405143
217.5 0.40603
217.7 0.406728
217.9 0.407473
218.1 0.408378
218.3 0.409237
218.5 0.409982
218.7 0.410869
218.9 0.411614
219.1 0.412538
219.3 0.413321
219.5 0.414208
219.7 0.415057
219.9 0.415736
220.1 0.416689
220.3 0.417604
220.5 0.418415
220.7 0.419302
220.9 0.420301
221.1 0.421349
221.3 0.42216
221.5 0.423169
221.7 0.424009
221.9 0.424867
222.1 0.42581
222.3 0.426622
222.5 0.427433
222.7 0.428301
222.9 0.429225
223.1 0.430121
223.3 0.430961
223.5 0.431734
223.7 0.432555
223.9 0.433375
224.1 0.434168
224.3 0.434979
224.5 0.435837
224.7 0.43663
224.9 0.437347
225.1 0.438073
225.3 0.438875
225.5 0.43978
225.7 0.440535
225.9 0.441431
226.1 0.442157
226.3 0.443195
226.5 0.444044
226.7 0.444865
226.9 0.445742
227.1 0.446515
227.3 0.447478
227.5 0.448213
227.7 0.449091
227.9 0.449864
228.1 0.4506
228.3 0.451336
228.5 0.452194
228.7 0.453175
228.9 0.45393
229.1 0.454826
229.3 0.455533
229.5 0.456411
229.7 0.457165
229.9 0.457929
230.1 0.458844
230.3 0.459863
230.5 0.460806
230.7 0.461712
230.9 0.462495
231.1 0.463306
231.3 0.46424
231.5 0.465061
231.7 0.465947
231.9 0.466825
232.1 0.467806
232.3 0.468636
232.5 0.469456
232.7 0.470296
232.9 0.471286
233.1 0.472022
233.3 0.472833
233.5 0.473635
233.7 0.474418
233.9 0.475125
234.1 0.475814
234.3 0.47672
234.5 0.477578
234.7 0.47838
234.9 0.479097
235.1 0.479936
235.3 0.480785
235.5 0.481804
235.7 0.482672
235.9 0.483398
236.1 0.484115
236.3 0.485021
236.5 0.485681
236.7 0.486624
236.9 0.487407
237.1 0.48836
237.3 0.48918
237.5 0.490067
237.7 0.490897
237.9 0.491746
238.1 0.492539
238.3 0.493189
238.5 0.494038
238.7 0.494944
238.9 0.495708
239.1 0.496632
239.3 0.497585
239.5 0.498613
239.7 0.499538
239.9 0.50033
240.1 0.501104
240.3 0.501905
240.5 0.502764
240.7 0.503613
240.9 0.504349
241.1 0.50515
241.3 0.505886
241.5 0.506877
241.7 0.507735
241.9 0.508669
242.1 0.509622
242.3 0.510461
242.5 0.511348
242.7 0.512065
242.9 0.512725
243.1 0.513527
243.3 0.514508
243.5 0.515432
243.7 0.516357
243.9 0.51696
244.1 0.517904
244.3 0.51879
244.5 0.519658
244.7 0.520488
244.9 0.521252
245.1 0.522196
245.3 0.523082
245.5 0.523818
245.7 0.524676
245.9 0.52545
246.1 0.526223
246.3 0.526978
246.5 0.527846
246.7 0.528629
246.9 0.529346
247.1 0.5301
247.3 0.531063
247.5 0.531874
247.7 0.532742
247.9 0.533685
248.1 0.534458
248.3 0.535402
248.5 0.53609
248.7 0.536939
248.9 0.537816
249.1 0.538769
249.3 0.539694
249.5 0.540571
249.7 0.54142
249.9 0.542231
250.1 0.543278
250.3 0.544137
250.5 0.544769
250.7 0.545627
250.9 0.546363
251.1 0.54724
251.3 0.548145
251.5 0.549296
251.7 0.550306
251.9 0.551117
252.1 0.55189
252.3 0.55273
252.5 0.553588
252.7 0.554456
252.9 0.555201
253.1 0.555946
253.3 0.556786
253.5 0.557739
253.7 0.558578
253.9 0.559371
254.1 0.560238
254.3 0.561078
254.5 0.562059
254.7 0.562851
254.9 0.563625
255.1 0.564446
255.3 0.56537
255.5 0.566134
255.7 0.56703
255.9 0.567907
256.1 0.568719
256.3 0.569511
256.5 0.570445
256.7 0.571322
256.9 0.572152
257.1 0.572926
257.3 0.573812
257.5 0.574652
257.7 0.575378
257.9 0.576284
258.1 0.577208
258.3 0.578114
258.5 0.578953
258.7 0.579755
258.9 0.580689
259.1 0.581491
259.3 0.582415
259.5 0.583283
259.7 0.584123
259.9 0.58499
260.1 0.585981
260.3 0.586726
260.5 0.587481
260.7 0.588311
260.9 0.589075
261.1 0.589952
261.3 0.59081
261.5 0.591593
261.7 0.592395
261.9 0.593254
262.1 0.594055
262.3 0.595008
262.5 0.596055
262.7 0.596961
262.9 0.597829
263.1 0.598611
263.3 0.599432
263.5 0.600262
263.7 0.601139
263.9 0.602083
264.1 0.602715
264.3 0.603554
264.5 0.604441
264.7 0.605262
264.9 0.606026
265.1 0.606978
265.3 0.607714
265.5 0.608469
265.7 0.609318
265.9 0.610091
266.1 0.610865
266.3 0.611619
266.5 0.612402
266.7 0.613242
266.9 0.614213
267.1 0.614959
267.3 0.615845
267.5 0.616534
267.7 0.617477
267.9 0.618326
268.1 0.619137
268.3 0.61993
268.5 0.620769
268.7 0.621694
268.9 0.622571
269.1 0.62359
269.3 0.624401
269.5 0.625127
269.7 0.626146
269.9 0.626882
270.1 0.627721
270.3 0.628448
270.5 0.62925
270.7 0.630014
270.9 0.6309
271.1 0.631749
271.3 0.632702
271.5 0.633664
271.7 0.634551
271.9 0.635475
272.1 0.636324
272.3 0.637192
272.5 0.638088
272.7 0.638833
272.9 0.639701
273.1 0.640569
273.3 0.641342
273.5 0.642163
273.7 0.642918
273.9 0.643814
274.1 0.644719
274.3 0.645417
274.5 0.646238
274.7 0.646955
274.9 0.64771
275.1 0.648606
275.3 0.649238
275.5 0.649945
275.7 0.650832
275.9 0.651653
276.1 0.652586
276.3 0.653577
276.5 0.654369
276.7 0.655199
276.9 0.656048
277.1 0.656878
277.3 0.657643
277.5 0.658548
277.7 0.659491
277.9 0.660293
278.1 0.661152
278.3 0.66217
278.5 0.663255
278.7 0.664113
278.9 0.664859
279.1 0.66567
279.3 0.666528
279.5 0.667311
279.7 0.667953
279.9 0.668896
280.1 0.669688
280.3 0.670509
280.5 0.671433
280.7 0.672169
280.9 0.673046
281.1 0.673867
281.3 0.674688
281.5 0.675527
281.7 0.676329
281.9 0.677093
282.1 0.677904
282.3 0.678763
282.5 0.679508
282.7 0.680357
282.9 0.681244
283.1 0.682244
283.3 0.683026
283.5 0.6838
283.7 0.684592
283.9 0.685507
284.1 0.686498
284.3 0.687337
284.5 0.688101
284.7 0.68879
284.9 0.689592
285.1 0.690441
285.3 0.691299
285.5 0.692073
285.7 0.692997
285.9 0.693771
286.1 0.694563
286.3 0.695468
286.5 0.69628
286.7 0.696874
286.9 0.697704
287.1 0.698459
287.3 0.699242
287.5 0.700062
287.7 0.700883
287.9 0.701798
288.1 0.702581
288.3 0.703552
288.5 0.704411
288.7 0.705279
288.9 0.706222
289.1 0.706958
289.3 0.707665
289.5 0.708467
289.7 0.709363
289.9 0.710231
290.1 0.711033
290.3 0.711976
290.5 0.712702
290.7 0.713608
290.9 0.714429
291.1 0.715362
291.3 0.716126
291.5 0.716994
291.7 0.717928
291.9 0.718664
292.1 0.719617
292.3 0.720569
292.5 0.72139
292.7 0.722192
292.9 0.722937
293.1 0.72388
293.3 0.724795
293.5 0.725512
293.7 0.726361
293.9 0.727154
294.1 0.728031
294.3 0.729059
294.5 0.730049
294.7 0.730964
294.9 0.731662
295.1 0.732502
295.3 0.733247
295.5 0.734134
295.7 0.735021
295.9 0.735813
296.1 0.736435
296.3 0.737407
296.5 0.738275
296.7 0.739058
296.9 0.740029
297.1 0.740841
297.3 0.741671
297.5 0.742576
297.7 0.743303
297.9 0.74417
298.1 0.744991
298.3 0.74601
298.5 0.746831
298.7 0.747698
298.9 0.748481
299.1 0.749368
299.3 0.750302
299.5 0.750953
299.7 0.751679
299.9 0.752641
300.1 0.753424
300.3 0.754273
300.5 0.755075
300.7 0.755905
300.9 0.75666
301.1 0.757405
301.3 0.758358
301.5 0.759008
301.7 0.75981
301.9 0.760489
302.1 0.761452
302.3 0.762225
302.5 0.76314
302.7 0.764036
302.9 0.764857
303.1 0.765744
303.3 0.766687
303.5 0.767724
303.7 0.768753
303.9 0.769469
304.1 0.770347
304.3 0.771035
304.5 0.771969
304.7 0.772743
304.9 0.773582
305.1 0.774412
305.3 0.775233
305.5 0.776101
305.7 0.776969
305.9 0.777884
306.1 0.778751
306.3 0.779714
306.5 0.780704
306.7 0.781459
306.9 0.782402
307.1 0.783383
307.3 0.784166
307.5 0.785043
307.7 0.785864
307.9 0.786751
308.1 0.787713
308.3 0.788826
308.5 0.789703
308.7 0.790467
308.9 0.791335
309.1 0.792222
309.3 0.793155
309.5 0.79391
309.7 0.794797
309.9 0.795674
310.1 0.796551
310.3 0.797504
310.5 0.798447
310.7 0.799221
310.9 0.800202
311.1 0.801145
311.3 0.801975
311.5 0.802994
311.7 0.803824
311.9 0.804692
312.1 0.805616
312.3 0.806362
312.5 0.807211
312.7 0.807814
312.9 0.808588
313.1 0.809399
313.3 0.810201
313.5 0.811097
313.7 0.811946
313.9 0.812729
314.1 0.813427
314.3 0.814125
314.5 0.814974
314.7 0.815681
314.9 0.816417
315.1 0.817191
315.3 0.817898
315.5 0.818634
315.7 0.819539
315.9 0.820407
316.1 0.821294
316.3 0.822256
316.5 0.823105
316.7 0.823944
316.9 0.824727
317.1 0.825586
317.3 0.826378
317.5 0.827237
317.7 0.828236
317.9 0.829019
318.1 0.829802
318.3 0.830595
318.5 0.831481
318.7 0.832217
318.9 0.833076
319.1 0.834
319.3 0.834962
319.5 0.83582
319.7 0.836717
319.9 0.837509
320.1 0.838471
320.3 0.83932
320.5 0.840188
320.7 0.840971
320.9 0.841905
321.1 0.842669
321.3 0.843395
321.5 0.844272
321.7 0.845244
321.9 0.846027
322.1 0.846838
322.3 0.847725
322.5 0.848593
322.7 0.849432
322.9 0.850111
323.1 0.850941
323.3 0.851677
323.5 0.852602
323.7 0.853328
323.9 0.854139
324.1 0.854913
324.3 0.855828
324.5 0.856922
324.7 0.857667
324.9 0.858516
325.1 0.85945
325.3 0.860214
325.5 0.861214
325.7 0.862091
325.9 0.862874
326.1 0.863695
326.3 0.864619
326.5 0.865506
326.7 0.866411
326.9 0.867307
327.1 0.868147
327.3 0.868939
327.5 0.869807
327.7 0.870637
327.9 0.871467
328.1 0.872373
328.3 0.873194
328.5 0.874014
328.7 0.87491
328.9 0.875797
329.1 0.876816
329.3 0.877778
329.5 0.878514
329.7 0.879344
329.9 0.880136
330.1 0.880976
330.3 0.881796
330.5 0.88257
330.7 0.883343
330.9 0.884183
331.1 0.885136
331.3 0.886013
331.5 0.886928
331.7 0.887569
331.9 0.888437
332.1 0.889343
332.3 0.890088
332.5 0.890899
332.7 0.891692
332.9 0.892503
333.1 0.893361
333.3 0.89421
333.5 0.895031
333.7 0.895889
333.9 0.896748
334.1 0.897521
334.3 0.898181
334.5 0.89887
334.7 0.899719
334.9 0.90069
335.1 0.901643
335.3 0.902502
335.5 0.903417
335.7 0.904124
335.9 0.904813
336.1 0.90569
336.3 0.906605
336.5 0.907397
336.7 0.908312
336.9 0.90919
337.1 0.910076
337.3 0.910935
337.5 0.91168
337.7 0.912434
337.9 0.913142
338.1 0.913944
338.3 0.914755
338.5 0.91551
338.7 0.91633
338.9 0.917226
339.1 0.917981
339.3 0.918887
339.5 0.919669
339.7 0.920462
339.9 0.921377
340.1 0.922103
340.3 0.922943
340.5 0.923678
340.7 0.924527
340.9 0.925282
341.1 0.926065
341.3 0.926886
341.5 0.927744
341.7 0.928621
341.9 0.92948
342.1 0.930291
342.3 0.931234
342.5 0.932027
342.7 0.932743
342.9 0.933432
343.1 0.934366
343.3 0.93497
343.5 0.935932
343.7 0.936686
343.9 0.937601
344.1 0.938469
344.3 0.93929
344.5 0.940167
344.7 0.940988
344.9 0.941827
345.1 0.942705
345.3 0.943563
345.5 0.944412
345.7 0.945223
345.9 0.946063
346.1 0.946912
346.3 0.947657
346.5 0.948534
346.7 0.949223
346.9 0.949949
347.1 0.950704
347.3 0.951298
347.5 0.952034
347.7 0.953024
347.9 0.953694
348.1 0.954515
348.3 0.955213
348.5 0.95593
348.7 0.956562
348.9 0.957288
349.1 0.958146
349.3 0.958891
349.5 0.959608
349.7 0.960354
349.9 0.961212
350.1 0.961948
350.3 0.962712
350.5 0.963495
350.7 0.964202
350.9 0.964928
351.1 0.965542
351.3 0.966391
351.5 0.967136
351.7 0.967787
351.9 0.968381
352.1 0.969013
352.3 0.969617
352.5 0.970183
352.7 0.970786
352.9 0.971522
353.1 0.972126
353.3 0.972654
353.5 0.973305
353.7 0.974126
353.9 0.974663
354.1 0.975182
354.3 0.975776
354.5 0.976408
354.7 0.97705
354.9 0.977503
355.1 0.978106
355.3 0.978653
355.5 0.979068
355.7 0.979568
355.9 0.980219
356.1 0.980719
356.3 0.98121
356.5 0.981662
356.7 0.982238
356.9 0.982747
357.1 0.983162
357.3 0.9837
357.5 0.984096
357.7 0.984549
357.9 0.984973
358.1 0.98537
358.3 0.985756
358.5 0.986247
358.7 0.986634
358.9 0.986983
359.1 0.987341
359.3 0.987803
359.5 0.988067
359.7 0.988426
359.9 0.988794
360.1 0.989247
360.3 0.989633
360.5 0.989982
360.7 0.990341
360.9 0.990727
361.1 0.990992
361.3 0.991407
361.5 0.991699
361.7 0.992114
361.9 0.992388
362.1 0.992567
362.3 0.992803
362.5 0.993029
362.7 0.993255
362.9 0.993586
363.1 0.993765
363.3 0.994001
363.5 0.994255
363.7 0.994472
363.9 0.994661
364.1 0.994897
364.3 0.995161
364.5 0.995406
364.7 0.995661
364.9 0.995916
365.1 0.996057
365.3 0.996283
365.5 0.996453
365.7 0.996604
365.9 0.996736
366.1 0.996934
366.3 0.997142
366.5 0.997255
366.7 0.997397
366.9 0.997547
367.1 0.997717
367.3 0.997887
367.5 0.997944
367.7 0.998029
367.9 0.998132
368.1 0.99833
368.3 0.998415
368.5 0.99851
368.7 0.998613
368.9 0.998689
369.1 0.998793
369.3 0.998877
369.5 0.998925
369.7 0.998981
369.9 0.999066
370.1 0.999123
370.3 0.999227
370.5 0.999255
370.7 0.999293
370.9 0.99933
371.1 0.999377
371.3 0.999425
371.5 0.999491
371.7 0.999538
371.9 0.999547
372.1 0.999576
372.3 0.999604
372.5 0.999632
372.7 0.99967
372.9 0.999698
373.1 0.999708
373.3 0.999726
373.5 0.999736
373.7 0.999764
373.9 0.999783
374.1 0.99983
374.3 0.99984
374.5 0.999849
374.7 0.999887
374.9 0.999887
375.1 0.999906
375.3 0.999906
375.5 0.999915
375.7 0.999915
375.9 0.999915
376.1 0.999925
376.3 0.999925
376.5 0.999943
376.7 0.999943
376.9 0.999943
377.1 0.999943
377.3 0.999943
377.5 0.999943
377.7 0.999943
377.9 0.999943
378.1 0.999943
378.3 0.999953
378.5 0.999953
378.7 0.999953
378.9 0.999953
379.1 0.999953
379.3 0.999953
379.5 0.999953
379.7 0.999953
379.9 0.999953
380.1 0.999953
380.3 0.999962
380.5 0.999962
380.7 0.999962
380.9 0.999972
381.1 0.999972
381.3 0.999972
381.5 0.999972
381.7 0.999972
381.9 0.999972
382.1 0.999972
382.3 0.999972
382.5 0.999972
382.7 0.999972
382.9 0.999972
383.1 0.999972
383.3 0.999972
383.5 0.999972
383.7 0.999972
383.9 0.999972
384.1 0.999972
384.3 0.999972
384.5 0.999972
384.7 0.999972
384.9 0.999972
385.1 0.999972
385.3 0.999972
385.5 0.999972
385.7 0.999972
385.9 0.999972
386.1 0.999972
386.3 0.999972
386.5 0.999972
386.7 0.999972
386.9 0.999972
387.1 0.999972
387.3 0.999972
387.5 0.999972
387.7 0.999972
387.9 0.999972
388.1 0.999972
388.3 0.999972
388.5 0.999972
388.7 0.999972
388.9 0.999972
389.1 0.999972
389.3 0.999972
389.5 0.999972
389.7 0.999972
389.9 0.999972
390.1 0.999972
390.3 0.999972
390.5 0.999972
390.7 0.999972
390.9 0.999972
391.1 0.999972
391.3 0.999981
391.5 0.999981
391.7 0.999981
391.9 0.999981
392.1 0.999981
392.3 0.999981
392.5 0.999981
392.7 0.999981
392.9 0.999981
393.1 0.999981
393.3 0.999981
393.5 0.999981
393.7 0.999981
393.9 0.999981
394.1 0.999981
394.3 0.999981
394.5 0.999981
394.7 0.999981
394.9 0.999981
395.1 0.999981
395.3 0.999981
395.5 0.999981
395.7 0.999981
395.9 0.999981
396.1 0.999981
396.3 0.999981
396.5 0.999981
396.7 0.999981
396.9 0.999981
397.1 0.999981
397.3 0.999981
397.5 0.999981
397.7 0.999981
397.9 0.999981
398.1 0.999981
398.3 0.999981
398.5 0.999981
398.7 0.999981
398.9 0.999981
399.1 0.999981
399.3 0.999981
399.5 0.999981
399.7 0.999981
399.9 0.999981
400.1 0.999981
400.3 0.999981
400.5 0.999981
400.7 0.999981
400.9 0.999981
401.1 0.999981
401.3 0.999981
401.5 0.999981
401.7 0.999981
401.9 0.999981
402.1 0.999981
402.3 0.999981
402.5 0.999981
402.7 0.999981
402.9 0.999981
403.1 0.999981
403.3 0.999981
403.5 0.999981
403.7 0.999981
403.9 0.999981
404.1 0.999981
404.3 0.999981
404.5 0.999981
404.7 0.999981
404.9 0.999981
405.1 0.999981
405.3 0.999981
405.5 0.999981
405.7 0.999981
405.9 0.999981
406.1 0.999981
406.3 0.999981
406.5 0.999981
406.7 0.999981
406.9 0.999981
407.1 0.999981
407.3 0.999981
407.5 0.999981
407.7 0.999981
407.9 0.999981
408.1 0.999981
408.3 0.999981
408.5 0.999981
408.7 0.999981
408.9 0.999981
409.1 0.999981
409.3 0.999981
409.5 0.999981
409.7 0.999981
409.9 0.999981
410.1 0.999981
410.3 0.999981
410.5 0.999981
410.7 0.999981
410.9 0.999981
411.1 0.999981
411.3 0.999981
411.5 0.999981
411.7 0.999981
411.9 0.999981
412.1 0.999981
412.3 0.999981
412.5 0.999981
412.7 0.999981
412.9 0.999981
413.1 0.999981
413.3 0.999981
413.5 0.999981
413.7 0.999981
413.9 0.999981
414.1 0.999981
414.3 0.999981
414.5 0.999981
414.7 0.999981
414.9 0.999981
415.1 0.999981
415.3 0.999981
415.5 0.999981
415.7 0.999981
415.9 0.999981
416.1 0.999981
416.3 0.999981
416.5 0.999981
416.7 0.999981
416.9 0.999981
417.1 0.999981
417.3 0.999981
417.5 0.999981
417.7 0.999981
417.9 0.999981
418.1 0.999981
418.3 0.999981
418.5 0.999981
418.7 0.999981
418.9 0.999981
419.1 0.999981
419.3 0.999981
419.5 0.999981
419.7 0.999981
419.9 0.999981
420.1 0.999981
420.3 0.999981
420.5 0.999981
420.7 0.999981
420.9 0.999981
421.1 0.999981
421.3 0.999981
421.5 0.999981
421.7 0.999981
421.9 0.999981
422.1 0.999981
422.3 0.999981
422.5 0.999981
422.7 0.999981
422.9 0.999981
423.1 0.999981
423.3 0.999981
423.5 0.999981
423.7 0.999981
423.9 0.999981
424.1 0.999981
424.3 0.999981
424.5 0.999981
424.7 0.999981
424.9 0.999981
425.1 0.999981
425.3 0.999981
425.5 0.999981
425.7 0.999981
425.9 0.999981
426.1 0.999981
426.3 0.999981
426.5 0.999981
426.7 0.999981
426.9 0.999981
427.1 0.999981
427.3 0.999981
427.5 0.999981
427.7 0.999981
427.9 0.999981
428.1 0.999981
428.3 0.999981
428.5 0.999981
428.7 0.999981
428.9 0.999981
429.1 0.999981
429.3 0.999981
429.5 0.999981
429.7 0.999981
429.9 0.999981
430.1 0.999981
430.3 0.999981
430.5 0.999981
430.7 0.999981
430.9 0.999981
431.1 0.999981
431.3 0.999991
431.5 0.999991
431.7 0.999991
431.9 0.999991
432.1 0.999991
432.3 0.999991
432.5 0.999991
432.7 0.999991
432.9 0.999991
433.1 0.999991
433.3 0.999991
433.5 0.999991
433.7 0.999991
433.9 0.999991
434.1 0.999991
434.3 0.999991
434.5 0.999991
434.7 0.999991
434.9 0.999991
435.1 0.999991
435.3 0.999991
435.5 0.999991
435.7 0.999991
435.9 0.999991
436.1 0.999991
436.3 0.999991
436.5 0.999991
436.7 0.999991
436.9 0.999991
437.1 0.999991
437.3 0.999991
437.5 0.999991
437.7 0.999991
437.9 0.999991
438.1 0.999991
438.3 0.999991
438.5 0.999991
438.7 0.999991
438.9 0.999991
439.1 0.999991
439.3 1
