1999
-299.7 3.68632e-05
-299.5 8.60141e-05
-299.3 8.60141e-05
-299.1 0.00011059
-298.9 0.000122877
-298.7 0.000184316
-298.5 0.000196604
-298.3 0.000208891
-298.1 0.000233467
-297.9 0.000258042
-297.7 0.000307193
-297.5 0.000331769
-297.3 0.000331769
-297.1 0.000356344
-296.9 0.000368632
-296.7 0.000393207
-296.5 0.000417783
-296.3 0.000430071
-296.1 0.000466934
-295.9 0.000479221
-295.7 0.000503797
-295.5 0.000516085
-295.3 0.000528372
-295.1 0.000528372
-294.9 0.00054066
-294.7 0.000552948
-294.5 0.000565236
-294.3 0.000602099
-294.1 0.000626674
-293.9 0.000638962
-293.7 0.000688113
-293.5 0.000712688
-293.3 0.000737264
-293.1 0.000761839
-292.9 0.000798702
-292.7 0.00081099
-292.5 0.000847853
-292.3 0.000860141
-292.1 0.000884717
-291.9 0.000897004
-291.7 0.000958443
-291.5 0.000983018
-291.3 0.000983018
-291.1 0.000995306
-290.9 0.000995306
-290.7 0.000995306
-290.5 0.00109361
-290.3 0.00111818
-290.1 0.00113047
-289.9 0.00117962
-289.7 0.00117962
-289.5 0.00119191
-289.3 0.00126564
-289.1 0.00129021
-288.9 0.00133936
-288.7 0.00136394
-288.5 0.00137623
-288.3 0.00141309
-288.1 0.00143766
-287.9 0.00147453
-287.7 0.00148682
-287.5 0.0014991
-287.3 0.00152368
-287.1 0.00156054
-286.9 0.00157283
-286.7 0.00157283
-286.5 0.00162198
-286.3 0.00167113
-286.1 0.00170799
-285.9 0.00175715
-285.7 0.00176943
-285.5 0.00178172
-285.3 0.00178172
-285.1 0.0018063
-284.9 0.00185545
-284.7 0.00188002
-284.5 0.0019046
-284.3 0.0019046
-284.1 0.00194146
-283.9 0.00194146
-283.7 0.00195375
-283.5 0.00195375
-283.3 0.00197832
-283.1 0.00199061
-282.9 0.00201519
-282.7 0.00202748
-282.5 0.00203976
-282.3 0.00206434
-282.1 0.00211349
-281.9 0.00215035
-281.7 0.00217493
-281.5 0.00217493
-281.3 0.00217493
-281.1 0.0021995
-280.9 0.00224865
-280.7 0.00229781
-280.5 0.00233467
-280.3 0.00233467
-280.1 0.00237153
-279.9 0.00238382
-279.7 0.00242068
-279.5 0.00244526
-279.3 0.00248212
-279.1 0.0025067
-278.9 0.00251898
-278.7 0.00255585
-278.5 0.00258042
-278.3 0.00261729
-278.1 0.00264186
-277.9 0.00267873
-277.7 0.00271559
-277.5 0.00272788
-277.3 0.00277703
-277.1 0.0028016
-276.9 0.00283847
-276.7 0.00286304
-276.5 0.00288762
-276.3 0.00291219
-276.1 0.00292448
-275.9 0.00297363
-275.7 0.00299821
-275.5 0.00304736
-275.3 0.00307193
-275.1 0.0031088
-274.9 0.00313337
-274.7 0.00318252
-274.5 0.00323167
-274.3 0.00326854
-274.1 0.00328082
-273.9 0.0033054
-273.7 0.0033054
-273.5 0.00336684
-273.3 0.0034037
-273.1 0.00341599
-272.9 0.00342828
-272.7 0.00346514
-272.5 0.00351429
-272.3 0.00351429
-272.1 0.0036003
-271.9 0.00362488
-271.7 0.00363717
-271.5 0.00364946
-271.3 0.00367403
-271.1 0.00369861
-270.9 0.00374776
-270.7 0.00376005
-270.5 0.00378462
-270.3 0.00383377
-270.1 0.00387063
-269.9 0.0039075
-269.7 0.00391979
-269.5 0.00395665
-269.3 0.00395665
-269.1 0.00398122
-268.9 0.00401809
-268.7 0.00406724
-268.5 0.00407953
-268.3 0.00412868
-268.1 0.00415325
-267.9 0.00419012
-267.7 0.00423927
-267.5 0.00427613
-267.3 0.00431299
-267.1 0.00433757
-266.9 0.00433757
-266.7 0.00436214
-266.5 0.00439901
-266.3 0.00439901
-266.1 0.00442358
-265.9 0.00442358
-265.7 0.00443587
-265.5 0.00447273
-265.3 0.00447273
-265.1 0.00448502
-264.9 0.00448502
-264.7 0.00452188
-264.5 0.00452188
-264.3 0.00453417
-264.1 0.00454646
-263.9 0.00459561
-263.7 0.00459561
-263.5 0.00459561
-263.3 0.00462019
-263.1 0.00463247
-262.9 0.00464476
-262.7 0.00465705
-262.5 0.00468162
-262.3 0.0047062
-262.1 0.00471849
-261.9 0.00475535
-261.7 0.00477993
-261.5 0.00481679
-261.3 0.00487823
-261.1 0.0049028
-260.9 0.00491509
-260.7 0.00495195
-260.5 0.00500111
-260.3 0.00502568
-260.1 0.00503797
-259.9 0.00506254
-259.7 0.00508712
-259.5 0.0051117
-259.3 0.00516085
-259.1 0.00517313
-258.9 0.00522229
-258.7 0.00524686
-258.5 0.00529601
-258.3 0.0053083
-258.1 0.00532059
-257.9 0.00535745
-257.7 0.00538203
-257.5 0.00541889
-257.3 0.00543118
-257.1 0.00545575
-256.9 0.00549262
-256.7 0.00552948
-256.5 0.00552948
-256.3 0.00554177
-256.1 0.00555405
-255.9 0.00556634
-255.7 0.00561549
-255.5 0.00565236
-255.3 0.00565236
-255.1 0.00570151
-254.9 0.00572608
-254.7 0.00572608
-254.5 0.00573837
-254.3 0.00576295
-254.1 0.00577523
-253.9 0.0058121
-253.7 0.00584896
-253.5 0.00586125
-253.3 0.00592269
-253.1 0.00594726
-252.9 0.00595955
-252.7 0.00598412
-252.5 0.00598412
-252.3 0.00603328
-252.1 0.00604556
-251.9 0.00607014
-251.7 0.00609471
-251.5 0.00611929
-251.3 0.00615615
-251.1 0.00616844
-250.9 0.00618073
-250.7 0.00618073
-250.5 0.00621759
-250.3 0.00624217
-250.1 0.00626674
-249.9 0.00629132
-249.7 0.00632818
-249.5 0.00635276
-249.3 0.00638962
-249.1 0.00640191
-248.9 0.00643877
-248.7 0.00646335
-248.5 0.00650021
-248.3 0.00652478
-248.1 0.00656165
-247.9 0.00658622
-247.7 0.0066108
-247.5 0.00662309
-247.3 0.00665995
-247.1 0.00665995
-246.9 0.00669681
-246.7 0.00669681
-246.5 0.00672139
-246.3 0.00673368
-246.1 0.00674596
-245.9 0.00677054
-245.7 0.00678283
-245.5 0.00683198
-245.3 0.00686884
-245.1 0.00686884
-244.9 0.0069057
-244.7 0.00695485
-244.5 0.00697943
-244.3 0.00701629
-244.1 0.00706544
-243.9 0.00709002
-243.7 0.0071146
-243.5 0.00716375
-243.3 0.00717603
-243.1 0.0072129
-242.9 0.00724976
-242.7 0.00726205
-242.5 0.00726205
-242.3 0.00729891
-242.1 0.00733577
-241.9 0.00734806
-241.7 0.00739721
-241.5 0.00739721
-241.3 0.00743408
-241.1 0.00744636
-240.9 0.00745865
-240.7 0.00747094
-240.5 0.00753238
-240.3 0.00755695
-240.1 0.00759382
-239.9 0.00761839
-239.7 0.00767983
-239.5 0.00767983
-239.3 0.00767983
-239.1 0.00769212
-238.9 0.00769212
-238.7 0.00771669
-238.5 0.00776585
-238.3 0.007815
-238.1 0.00782728
-237.9 0.00785186
-237.7 0.00786415
-237.5 0.00787643
-237.3 0.00788872
-237.1 0.00793787
-236.9 0.00796245
-236.7 0.00798702
-236.5 0.0080116
-236.3 0.00803618
-236.1 0.00803618
-235.9 0.00803618
-235.7 0.00803618
-235.5 0.00804846
-235.3 0.00808533
-235.1 0.00813448
-234.9 0.00815905
-234.7 0.00818363
-234.5 0.00818363
-234.3 0.00824507
-234.1 0.00826964
-233.9 0.00834337
-233.7 0.00835566
-233.5 0.00842938
-233.3 0.00846625
-233.1 0.00847853
-232.9 0.00852768
-232.7 0.00856455
-232.5 0.00856455
-232.3 0.00857684
-232.1 0.0086137
-231.9 0.00863827
-231.7 0.00867514
-231.5 0.00867514
-231.3 0.00868742
-231.1 0.008712
-230.9 0.00872429
-230.7 0.00874886
-230.5 0.00877344
-230.3 0.00879801
-230.1 0.00884717
-229.9 0.00887174
-229.7 0.00889632
-229.5 0.00889632
-229.3 0.00889632
-229.1 0.00894547
-228.9 0.00898233
-228.7 0.00898233
-228.5 0.00899462
-228.3 0.00904377
-228.1 0.00906834
-227.9 0.00910521
-227.7 0.0091175
-227.5 0.00912978
-227.3 0.00915436
-227.1 0.00916665
-226.9 0.00917893
-226.7 0.00924037
-226.5 0.00925266
-226.3 0.00928952
-226.1 0.00928952
-225.9 0.00932639
-225.7 0.00937554
-225.5 0.00943698
-225.3 0.00943698
-225.1 0.00946155
-224.9 0.00948613
-224.7 0.00948613
-224.5 0.0095107
-224.3 0.00953528
-224.1 0.00955985
-223.9 0.00963358
-223.7 0.00965816
-223.5 0.00969502
-223.3 0.00971959
-223.1 0.00973188
-222.9 0.00975646
-222.7 0.00979332
-222.5 0.0098179
-222.3 0.00985476
-222.1 0.00987933
-221.9 0.0099162
-221.7 0.00994077
-221.5 0.00997764
-221.3 0.00997764
-221.1 0.00997764
-220.9 0.00998992
-220.7 0.0100022
-220.5 0.0100637
-220.3 0.0101005
-220.1 0.0101251
-219.9 0.0101742
-219.7 0.0102234
-219.5 0.010248
-219.3 0.0102725
-219.1 0.0102971
-218.9 0.0103217
-218.7 0.010334
-218.5 0.0103463
-218.3 0.0103954
-218.1 0.01042
-217.9 0.0104569
-217.7 0.010506
-217.5 0.0105306
-217.3 0.0105552
-217.1 0.0106043
-216.9 0.0106412
-216.7 0.0107149
-216.5 0.0108255
-216.3 0.0108869
-216.1 0.0109361
-215.9 0.0109852
-215.7 0.0110467
-215.5 0.0111327
-215.3 0.0112678
-215.1 0.0114153
-214.9 0.011575
-214.7 0.0117716
-214.5 0.0120051
-214.3 0.0123615
-214.1 0.0125949
-213.9 0.0129513
-213.7 0.0132216
-213.5 0.0134428
-213.3 0.013836
-213.1 0.0143029
-212.9 0.0146715
-212.7 0.0152245
-212.5 0.0156791
-212.3 0.0162321
-212.1 0.0167113
-211.9 0.0172151
-211.7 0.0178295
-211.5 0.0186896
-211.3 0.0194023
-211.1 0.0201027
-210.9 0.02084
-210.7 0.0215527
-210.5 0.0226463
-210.3 0.0236293
-210.1 0.0247106
-209.9 0.0258288
-209.7 0.0268856
-209.5 0.02793
-209.3 0.0290236
-209.1 0.0300312
-208.9 0.03126
-208.7 0.0323782
-208.5 0.0337052
-208.3 0.0350446
-208.1 0.0363717
-207.9 0.0377971
-207.7 0.039161
-207.5 0.0405741
-207.3 0.0420855
-207.1 0.0435477
-206.9 0.0450468
-206.7 0.0469146
-206.5 0.0484751
-206.3 0.0501216
-206.1 0.0518788
-205.9 0.0534148
-205.7 0.0548278
-205.5 0.0564253
-205.3 0.0581824
-205.1 0.0600501
-204.9 0.061881
-204.7 0.0633555
-204.5 0.065211
-204.3 0.0668944
-204.1 0.0687498
-203.9 0.0706913
-203.7 0.0724239
-203.5 0.0740704
-203.3 0.075975
-203.1 0.0779534
-202.9 0.0800423
-202.7 0.0820206
-202.5 0.0839866
-202.3 0.086051
-202.1 0.0880907
-201.9 0.0900445
-201.7 0.092244
-201.5 0.0943698
-201.3 0.0964587
-201.1 0.0983756
-200.9 0.100464
-200.7 0.102443
-200.5 0.104335
-200.3 0.106424
-200.1 0.108464
-199.9 0.110749
-199.7 0.112764
-199.5 0.114853
-199.3 0.116869
-199.1 0.119191
-198.9 0.121304
-198.7 0.123221
-198.5 0.125323
-198.3 0.127473
-198.1 0.129291
-197.9 0.131258
-197.7 0.133494
-197.5 0.135386
-197.3 0.137365
-197.1 0.139183
-196.9 0.140928
-196.7 0.142759
-196.5 0.144663
-196.3 0.146457
-196.1 0.148215
-195.9 0.150107
-195.7 0.152319
-195.5 0.154211
-195.3 0.155845
-195.1 0.157639
-194.9 0.159691
-194.7 0.161731
-194.5 0.163181
-194.3 0.165012
-194.1 0.166843
-193.9 0.168416
-193.7 0.169878
-193.5 0.17134
-193.3 0.173073
-193.1 0.174559
-192.9 0.176046
-192.7 0.177767
-192.5 0.179143
-192.3 0.180679
-192.1 0.182092
-191.9 0.183665
-191.7 0.184979
-191.5 0.186294
-191.3 0.187548
-191.1 0.188764
-190.9 0.190128
-190.7 0.191357
-190.5 0.192745
-190.3 0.194109
-190.1 0.195277
-189.9 0.196382
-189.7 0.197402
-189.5 0.198619
-189.3 0.200032
-189.1 0.201396
-188.9 0.202588
-188.7 0.203792
-188.5 0.204935
-188.3 0.2062
-188.1 0.207343
-187.9 0.208683
-187.7 0.209764
-187.5 0.211005
-187.3 0.21216
-187.1 0.213266
-186.9 0.214323
-186.7 0.215318
-186.5 0.216166
-186.3 0.21705
-186.1 0.218021
-185.9 0.219127
-185.7 0.220122
-185.5 0.221105
-185.3 0.222211
-185.1 0.223121
-184.9 0.224104
-184.7 0.225025
-184.5 0.225934
-184.3 0.226831
-184.1 0.227642
-183.9 0.228527
-183.7 0.229547
-183.5 0.230493
-183.3 0.231464
-183.1 0.232398
-182.9 0.233467
-182.7 0.234388
-182.5 0.235335
-182.3 0.236318
-182.1 0.237337
-181.9 0.238161
-181.7 0.238959
-181.5 0.239869
-181.3 0.240704
-181.1 0.241503
-180.9 0.242314
-180.7 0.243383
-180.5 0.244096
-180.3 0.244993
-180.1 0.245853
-179.9 0.246713
-179.7 0.247659
-179.5 0.248446
-179.3 0.249355
-179.1 0.250203
-178.9 0.251063
-178.7 0.251886
-178.5 0.25282
-178.3 0.253692
-178.1 0.254381
-177.9 0.255179
-177.7 0.25588
-177.5 0.256715
-177.3 0.257563
-177.1 0.258337
-176.9 0.259087
-176.7 0.259971
-176.5 0.260905
-176.3 0.261913
-176.1 0.262724
-175.9 0.263695
-175.7 0.264457
-175.5 0.265268
-175.3 0.266078
-175.1 0.266975
-174.9 0.267823
-174.7 0.268561
-174.5 0.269322
-174.3 0.270256
-174.1 0.271067
-173.9 0.272038
-173.7 0.272726
-173.5 0.273685
-173.3 0.274373
-173.1 0.275233
-172.9 0.276216
-172.7 0.277174
-172.5 0.277887
-172.3 0.278612
-172.1 0.279288
-171.9 0.280222
-171.7 0.280996
-171.5 0.281807
-171.3 0.282741
-171.1 0.283392
-170.9 0.284264
-170.7 0.285137
-170.5 0.285985
-170.3 0.286759
-170.1 0.287521
-169.9 0.28827
-169.7 0.289216
-169.5 0.290089
-169.3 0.290937
-169.1 0.291539
-168.9 0.292313
-168.7 0.293075
-168.5 0.293898
-168.3 0.294684
-168.1 0.295655
-167.9 0.296429
-167.7 0.297338
-167.5 0.298162
-167.3 0.29912
-167.1 0.300066
-166.9 0.300976
-166.7 0.301602
-166.5 0.302376
-166.3 0.303249
-166.1 0.30406
-165.9 0.304846
-165.7 0.305657
-165.5 0.306259
-165.3 0.30712
-165.1 0.308152
-164.9 0.308938
-164.7 0.309786
-164.5 0.31056
-164.3 0.311383
-164.1 0.312317
-163.9 0.313202
-163.7 0.313988
-163.5 0.314689
-163.3 0.315537
-163.1 0.316372
-162.9 0.317281
-162.7 0.31835
-162.5 0.319284
-162.3 0.320071
-162.1 0.320919
-161.9 0.321582
-161.7 0.322504
-161.5 0.32318
-161.3 0.323929
-161.1 0.324691
-160.9 0.32549
-160.7 0.326313
-160.5 0.327345
-160.3 0.328046
-160.1 0.328918
-159.9 0.329778
-159.7 0.330601
-159.5 0.331437
-159.3 0.332334
-159.1 0.333268
-158.9 0.334054
-158.7 0.334914
-158.5 0.335664
-158.3 0.336487
-158.1 0.337261
-157.9 0.3379
-157.7 0.338662
-157.5 0.339498
-157.3 0.340247
-157.1 0.340911
-156.9 0.341599
-156.7 0.342299
-156.5 0.343061
-156.3 0.343762
-156.1 0.344511
-155.9 0.345384
-155.7 0.346158
-155.5 0.346981
-155.3 0.34789
-155.1 0.34864
-154.9 0.349463
-154.7 0.350323
-154.5 0.351085
-154.3 0.351835
-154.1 0.352596
-153.9 0.353493
-153.7 0.354304
-153.5 0.355177
-153.3 0.355914
-153.1 0.356774
-152.9 0.357696
-152.7 0.358519
-152.5 0.359256
-152.3 0.360067
-152.1 0.360817
-151.9 0.361775
-151.7 0.362672
-151.5 0.363422
-151.3 0.364085
-151.1 0.364982
-150.9 0.36583
-150.7 0.366543
-150.5 0.367526
-150.3 0.368263
-150.1 0.369136
-149.9 0.369861
-149.7 0.370598
-149.5 0.371458
-149.3 0.372244
-149.1 0.373154
-148.9 0.374002
-148.7 0.374837
-148.5 0.375611
-148.3 0.376557
-148.1 0.377307
-147.9 0.378179
-147.7 0.379089
-147.5 0.379777
-147.3 0.380674
-147.1 0.38146
-146.9 0.382443
-146.7 0.383389
-146.5 0.38425
-146.3 0.38495
-146.1 0.385712
-145.9 0.386498
-145.7 0.387506
-145.5 0.388182
-145.3 0.388956
-145.1 0.389767
-144.9 0.390578
-144.7 0.391364
-144.5 0.392249
-144.3 0.393011
-144.1 0.39376
-143.9 0.394596
-143.7 0.395333
-143.5 0.396242
-143.3 0.397066
-143.1 0.397766
-142.9 0.398602
-142.7 0.399474
-142.5 0.400383
-142.3 0.401158
-142.1 0.401846
-141.9 0.402829
-141.7 0.403664
-141.5 0.4045
-141.3 0.405458
-141.1 0.406343
-140.9 0.406957
-140.7 0.407658
-140.5 0.408395
-140.3 0.409341
-140.1 0.410115
-139.9 0.410877
-139.7 0.411651
-139.5 0.412462
-139.3 0.413273
-139.1 0.414121
-138.9 0.41492
-138.7 0.415743
-138.5 0.416591
-138.3 0.417426
-138.1 0.418262
-137.9 0.419024
-137.7 0.419884
-137.5 0.420818
-137.3 0.421752
-137.1 0.422526
-136.9 0.423423
-136.7 0.42432
-136.5 0.425082
-136.3 0.425991
-136.1 0.426704
-135.9 0.427576
-135.7 0.428449
-135.5 0.429309
-135.3 0.430218
-135.1 0.431041
-134.9 0.43184
-134.7 0.432811
-134.5 0.433597
-134.3 0.43447
-134.1 0.435133
-133.9 0.435919
-133.7 0.436853
-133.5 0.437861
-133.3 0.438672
-133.1 0.439667
-132.9 0.44065
-132.7 0.441461
-132.5 0.44242
-132.3 0.443194
-132.1 0.443931
-131.9 0.444779
-131.7 0.445639
-131.5 0.446425
-131.3 0.447126
-131.1 0.448072
-130.9 0.448883
-130.7 0.449608
-130.5 0.450628
-130.3 0.451476
-130.1 0.452336
-129.9 0.45311
-129.7 0.453995
-129.5 0.454757
-129.3 0.45558
-129.1 0.456256
-128.9 0.457079
-128.7 0.457964
-128.5 0.458762
-128.3 0.459512
-128.1 0.460372
-127.9 0.461232
-127.7 0.462129
-127.5 0.462891
-127.3 0.463604
-127.1 0.464304
-126.9 0.465127
-126.7 0.46584
-126.5 0.466516
-126.3 0.467413
-126.1 0.468175
-125.9 0.469146
-125.7 0.469969
-125.5 0.47062
-125.3 0.471394
-125.1 0.472254
-124.9 0.473139
-124.7 0.473901
-124.5 0.474773
-124.3 0.475683
-124.1 0.476616
-123.9 0.477685
-123.7 0.478312
-123.5 0.479258
-123.3 0.480082
-123.1 0.480929
-122.9 0.481863
-122.7 0.482748
-122.5 0.48378
-122.3 0.484517
-122.1 0.485328
-121.9 0.486127
-121.7 0.486877
-121.5 0.487651
-121.3 0.488572
-121.1 0.489543
-120.9 0.490317
-120.7 0.491091
-120.5 0.491939
-120.3 0.493008
-120.1 0.493795
-119.9 0.494557
-119.7 0.495355
-119.5 0.496068
-119.3 0.496953
-119.1 0.497948
-118.9 0.498808
-118.7 0.499779
-118.5 0.500479
-118.3 0.501278
-118.1 0.50204
-117.9 0.502888
-117.7 0.503735
-117.5 0.504718
-117.3 0.505493
-117.1 0.50623
-116.9 0.506955
-116.7 0.507864
-116.5 0.508675
-116.3 0.509511
-116.1 0.510555
-115.9 0.511415
-115.7 0.512374
-115.5 0.51316
-115.3 0.514131
-115.1 0.514917
-114.9 0.515716
-114.7 0.516539
-114.5 0.517547
-114.3 0.518309
-114.1 0.519304
-113.9 0.520213
-113.7 0.520963
-113.5 0.521676
-113.3 0.522339
-113.1 0.523224
-112.9 0.524317
-112.7 0.525141
-112.5 0.525915
-112.3 0.526812
-112.1 0.527684
-111.9 0.528434
-111.7 0.529343
-111.5 0.530203
-111.3 0.530953
-111.1 0.531936
-110.9 0.532722
-110.7 0.533619
-110.5 0.534504
-110.3 0.535364
-110.1 0.53631
-109.9 0.537048
-109.7 0.537662
-109.5 0.538399
-109.3 0.539247
-109.1 0.540033
-108.9 0.540672
-108.7 0.541508
-108.5 0.542258
-108.3 0.543241
-108.1 0.543965
-107.9 0.544838
-107.7 0.545637
-107.5 0.546398
-107.3 0.547197
-107.1 0.54807
-106.9 0.548844
-106.7 0.549556
-106.5 0.550503
-106.3 0.551424
-106.1 0.552321
-105.9 0.553009
-105.7 0.553759
-105.5 0.554607
-105.3 0.55543
-105.1 0.556339
-104.9 0.557101
-104.7 0.557838
-104.5 0.558662
-104.3 0.559608
-104.1 0.560468
-103.9 0.561254
-103.7 0.562164
-103.5 0.562925
-103.3 0.563724
-103.1 0.564609
-102.9 0.565666
-102.7 0.566513
-102.5 0.567324
-102.3 0.568025
-102.1 0.568983
-101.9 0.569905
-101.7 0.570814
-101.5 0.571674
-101.3 0.572399
-101.1 0.573186
-100.9 0.573935
-100.7 0.574697
-100.5 0.575496
-100.3 0.576282
-100.1 0.577106
-99.9 0.577646
-99.7 0.578371
-99.5 0.579207
-99.3 0.579846
-99.1 0.580718
-98.9 0.581529
-98.7 0.5825
-98.5 0.583532
-98.3 0.584269
-98.1 0.585203
-97.9 0.585953
-97.7 0.586776
-97.5 0.587501
-97.3 0.588164
-97.1 0.588963
-96.9 0.589737
-96.7 0.590659
-96.5 0.59147
-96.3 0.592404
-96.1 0.593264
-95.9 0.593964
-95.7 0.5948
-95.5 0.595562
-95.3 0.596385
-95.1 0.597331
-94.9 0.598204
-94.7 0.599015
-94.5 0.599776
-94.3 0.6006
-94.1 0.601435
-93.9 0.60232
-93.7 0.603155
-93.5 0.603979
-93.3 0.604777
-93.1 0.605539
-92.9 0.60635
-92.7 0.60726
-92.5 0.60796
-92.3 0.608832
-92.1 0.609471
-91.9 0.610172
-91.7 0.611143
-91.5 0.61204
-91.3 0.612752
-91.1 0.613453
-90.9 0.614178
-90.7 0.614989
-90.5 0.615824
-90.3 0.616537
-90.1 0.617323
-89.9 0.618073
-89.7 0.618921
-89.5 0.619744
-89.3 0.62053
-89.1 0.621243
-88.9 0.621919
-88.7 0.622595
-88.5 0.623381
-88.3 0.624254
-88.1 0.625286
-87.9 0.626158
-87.7 0.626994
-87.5 0.62778
-87.3 0.628616
-87.1 0.629586
-86.9 0.630397
-86.7 0.631049
-86.5 0.631896
-86.3 0.632695
-86.1 0.633617
-85.9 0.634366
-85.7 0.635153
-85.5 0.635939
-85.3 0.63675
-85.1 0.637549
-84.9 0.638262
-84.7 0.639208
-84.5 0.640105
-84.3 0.640903
-84.1 0.641874
-83.9 0.642747
-83.7 0.6433
-83.5 0.644233
-83.3 0.645032
-83.1 0.646052
-82.9 0.646826
-82.7 0.647588
-82.5 0.648276
-82.3 0.649087
-82.1 0.649812
-81.9 0.650549
-81.7 0.651409
-81.5 0.652368
-81.3 0.653142
-81.1 0.653941
-80.9 0.654752
-80.7 0.655538
-80.5 0.656324
-80.3 0.657086
-80.1 0.657811
-79.9 0.658659
-79.7 0.659581
-79.5 0.660429
-79.3 0.661215
-79.1 0.662038
-78.9 0.662862
-78.7 0.663783
-78.5 0.664447
-78.3 0.665307
-78.1 0.666081
-77.9 0.666904
-77.7 0.667777
-77.5 0.668588
-77.3 0.669276
-77.1 0.670185
-76.9 0.670873
-76.7 0.671574
-76.5 0.672716
-76.3 0.673478
-76.1 0.674351
-75.9 0.675051
-75.7 0.675973
-75.5 0.67682
-75.3 0.677582
-75.1 0.67843
-74.9 0.679229
-74.7 0.680114
-74.5 0.680986
-74.3 0.681772
-74.1 0.682473
-73.9 0.683407
-73.7 0.684353
-73.5 0.685225
-73.3 0.685913
-73.1 0.686749
-72.9 0.687437
-72.7 0.688199
-72.5 0.688887
-72.3 0.689698
-72.1 0.690472
-71.9 0.69116
-71.7 0.691824
-71.5 0.692659
-71.3 0.693569
-71.1 0.694257
-70.9 0.694933
-70.7 0.695793
-70.5 0.696567
-70.3 0.697488
-70.1 0.698164
-69.9 0.698877
-69.7 0.699688
-69.5 0.700597
-69.3 0.70142
-69.1 0.70217
-68.9 0.702895
-68.7 0.703669
-68.5 0.704431
-68.3 0.705144
-68.1 0.705819
-67.9 0.706557
-67.7 0.70738
-67.5 0.708166
-67.3 0.709002
-67.1 0.709924
-66.9 0.710747
-66.7 0.711656
-66.5 0.712615
-66.3 0.713512
-66.1 0.714409
-65.9 0.71522
-65.7 0.716141
-65.5 0.717112
-65.3 0.717886
-65.1 0.71866
-64.9 0.719545
-64.7 0.720196
-64.5 0.720835
-64.3 0.721818
-64.1 0.722617
-63.9 0.723354
-63.7 0.724325
-63.5 0.72505
-63.3 0.725947
-63.1 0.72661
-62.9 0.727581
-62.7 0.728281
-62.5 0.729092
-62.3 0.729879
-62.1 0.7308
-61.9 0.731599
-61.7 0.732373
-61.5 0.733405
-61.3 0.734352
-61.1 0.735187
-60.9 0.736182
-60.7 0.737067
-60.5 0.737755
-60.3 0.738529
-60.1 0.739414
-59.9 0.740409
-59.7 0.741306
-59.5 0.742068
-59.3 0.742941
-59.1 0.743924
-58.9 0.744772
-58.7 0.745484
-58.5 0.746295
-58.3 0.747082
-58.1 0.747819
-57.9 0.748851
-57.7 0.749662
-57.5 0.750387
-57.3 0.751247
-57.1 0.752095
-56.9 0.752894
-56.7 0.75384
-56.5 0.754553
-56.3 0.75545
-56.1 0.756433
-55.9 0.757317
-55.7 0.758202
-55.5 0.759124
-55.3 0.759959
-55.1 0.76066
-54.9 0.761372
-54.7 0.762159
-54.5 0.762908
-54.3 0.763646
-54.1 0.764493
-53.9 0.765304
-53.7 0.766251
-53.5 0.767184
-53.3 0.767909
-53.1 0.76861
-52.9 0.769458
-52.7 0.770404
-52.5 0.771301
-52.3 0.772161
-52.1 0.772947
-51.9 0.773721
-51.7 0.774704
-51.5 0.775479
-51.3 0.776351
-51.1 0.777211
-50.9 0.777973
-50.7 0.779005
-50.5 0.779816
-50.3 0.780566
-50.1 0.781401
-49.9 0.782261
-49.7 0.783122
-49.5 0.784031
-49.3 0.784805
-49.1 0.785751
-48.9 0.78639
-48.7 0.787152
-48.5 0.787889
-48.3 0.788676
-48.1 0.789671
-47.9 0.790445
-47.7 0.79117
-47.5 0.79203
-47.3 0.792804
-47.1 0.793443
-46.9 0.794316
-46.7 0.795127
-46.5 0.795938
-46.3 0.79665
-46.1 0.797437
-45.9 0.797977
-45.7 0.798702
-45.5 0.799575
-45.3 0.800312
-45.1 0.800914
-44.9 0.801651
-44.7 0.80245
-44.5 0.803212
-44.3 0.804011
-44.1 0.804895
-43.9 0.80578
-43.7 0.806444
-43.5 0.807353
-43.3 0.808127
-43.1 0.808938
-42.9 0.809688
-42.7 0.810535
-42.5 0.811396
-42.3 0.812268
-42.1 0.812993
-41.9 0.813816
-41.7 0.814431
-41.5 0.815107
-41.3 0.815918
-41.1 0.816741
-40.9 0.817453
-40.7 0.818363
-40.5 0.819112
-40.3 0.819862
-40.1 0.820575
-39.9 0.821324
-39.7 0.822209
-39.5 0.822971
-39.3 0.823941
-39.1 0.824777
-38.9 0.825625
-38.7 0.826546
-38.5 0.827419
-38.3 0.828144
-38.1 0.829004
-37.9 0.829754
-37.7 0.830503
-37.5 0.831203
-37.3 0.832027
-37.1 0.832838
-36.9 0.833673
-36.7 0.834497
-36.5 0.835246
-36.3 0.836069
-36.1 0.836794
-35.9 0.837642
-35.7 0.838355
-35.5 0.839129
-35.3 0.839952
-35.1 0.840616
-34.9 0.841464
-34.7 0.842127
-34.5 0.843098
-34.3 0.844044
-34.1 0.844818
-33.9 0.84558
-33.7 0.84633
-33.5 0.847128
-33.3 0.847952
-33.1 0.848738
-32.9 0.849537
-32.7 0.85036
-32.5 0.851159
-32.3 0.851847
-32.1 0.852609
-31.9 0.853493
-31.7 0.854218
-31.5 0.854919
-31.3 0.85573
-31.1 0.856602
-30.9 0.857511
-30.7 0.858335
-30.5 0.859219
-30.3 0.860018
-30.1 0.860755
-29.9 0.861665
-29.7 0.862353
-29.5 0.863053
-29.3 0.863741
-29.1 0.864491
-28.9 0.865326
-28.7 0.86615
-28.5 0.866924
-28.3 0.867686
-28.1 0.868386
-27.9 0.869308
-27.7 0.87002
-27.5 0.870881
-27.3 0.871692
-27.1 0.872441
-26.9 0.873203
-26.7 0.873977
-26.5 0.874665
-26.3 0.875501
-26.1 0.876287
-25.9 0.877221
-25.7 0.87813
-25.5 0.878941
-25.3 0.879654
-25.1 0.880526
-24.9 0.881215
-24.7 0.882026
-24.5 0.882824
-24.3 0.883537
-24.1 0.884606
-23.9 0.885577
-23.7 0.886314
-23.5 0.887125
-23.3 0.887997
-23.1 0.888771
-22.9 0.889779
-22.7 0.89059
-22.5 0.891585
-22.3 0.892384
-22.1 0.893109
-21.9 0.893981
-21.7 0.894842
-21.5 0.895591
-21.3 0.896267
-21.1 0.897029
-20.9 0.897656
-20.7 0.898393
-20.5 0.899265
-20.3 0.900138
-20.1 0.900838
-19.9 0.901612
-19.7 0.902399
-19.5 0.903099
-19.3 0.90391
-19.1 0.904733
-18.9 0.905569
-18.7 0.906368
-18.5 0.907129
-18.3 0.90794
-18.1 0.908739
-17.9 0.909525
-17.7 0.910361
-17.5 0.911246
-17.3 0.912044
-17.1 0.912757
-16.9 0.913642
-16.7 0.914416
-16.5 0.915104
-16.3 0.91589
-16.1 0.916591
-15.9 0.91734
-15.7 0.918127
-15.5 0.918938
-15.3 0.919835
-15.1 0.920621
-14.9 0.921346
-14.7 0.922219
-14.5 0.923103
-14.3 0.923742
-14.1 0.924504
-13.9 0.925377
-13.7 0.926102
-13.5 0.926888
-13.3 0.927822
-13.1 0.928645
-12.9 0.929444
-12.7 0.930316
-12.5 0.93114
-12.3 0.932086
-12.1 0.932884
-11.9 0.933585
-11.7 0.934261
-11.5 0.935035
-11.3 0.935932
-11.1 0.936694
-10.9 0.937333
-10.7 0.938144
-10.5 0.938807
-10.3 0.939532
-10.1 0.940318
-9.9 0.941203
-9.7 0.941953
-9.5 0.942739
-9.3 0.94355
-9.1 0.944324
-8.9 0.945074
-8.7 0.945688
-8.5 0.94645
-8.3 0.94715
-8.1 0.947912
-7.9 0.948613
-7.7 0.949338
-7.5 0.950001
-7.3 0.950751
-7.1 0.951463
-6.9 0.952139
-6.7 0.952778
-6.5 0.953307
-6.3 0.954007
-6.1 0.954818
-5.9 0.955408
-5.7 0.956108
-5.5 0.95671
-5.3 0.957484
-5.1 0.958234
-4.9 0.958996
-4.7 0.959721
-4.5 0.960495
-4.3 0.961158
-4.1 0.961908
-3.9 0.962572
-3.7 0.963358
-3.5 0.963886
-3.3 0.964513
-3.1 0.965201
-2.9 0.965766
-2.7 0.966393
-2.5 0.966934
-2.3 0.967548
-2.1 0.968064
-1.9 0.968703
-1.7 0.969268
-1.5 0.969809
-1.3 0.970387
-1.1 0.970927
-0.900002 0.971603
-0.700002 0.972045
-0.500002 0.97266
-0.300002 0.973213
-0.100002 0.973618
0.0999977 0.974073
0.299998 0.974528
0.499998 0.975019
0.699998 0.9754
0.899998 0.975879
1.1 0.976309
1.3 0.976801
1.5 0.977182
1.7 0.977673
1.9 0.978177
2.1 0.978533
2.3 0.978828
2.5 0.979295
2.7 0.979688
2.9 0.979897
3.1 0.980241
3.3 0.980708
3.5 0.981003
3.7 0.98136
3.9 0.981618
4.1 0.981826
4.3 0.982121
4.5 0.982404
4.7 0.982674
4.9 0.982871
5.1 0.983154
5.3 0.983424
5.5 0.983608
5.7 0.983842
5.9 0.984124
6.1 0.984395
6.3 0.98464
6.5 0.984898
6.7 0.985046
6.9 0.985267
7.1 0.985464
7.3 0.985611
7.5 0.985771
7.7 0.985955
7.9 0.986029
8.1 0.986164
8.3 0.986262
8.5 0.986422
8.7 0.986594
8.9 0.986791
9.1 0.986914
9.3 0.987024
9.5 0.987147
9.7 0.98727
9.9 0.987381
10.1 0.987467
10.3 0.987491
10.5 0.987577
10.7 0.987688
10.9 0.987761
11.1 0.987774
11.3 0.98786
11.5 0.987933
11.7 0.988019
11.9 0.988105
12.1 0.98813
12.3 0.988253
12.5 0.988351
12.7 0.988376
12.9 0.988425
13.1 0.988486
13.3 0.988536
13.5 0.988585
13.7 0.988622
13.9 0.988634
14.1 0.988671
14.3 0.988695
14.5 0.988757
14.7 0.988794
14.9 0.988818
15.1 0.988843
15.3 0.988892
15.5 0.988904
15.7 0.988929
15.9 0.98899
16.1 0.989027
16.3 0.989088
16.5 0.989113
16.7 0.989138
16.9 0.989162
17.1 0.989175
17.3 0.989199
17.5 0.989261
17.7 0.989297
17.9 0.989297
18.1 0.989322
18.3 0.989347
18.5 0.989347
18.7 0.989359
18.9 0.989408
19.1 0.989445
19.3 0.989482
19.5 0.989519
19.7 0.989555
19.9 0.989592
20.1 0.989617
20.3 0.989641
20.5 0.989654
20.7 0.989666
20.9 0.989691
21.1 0.989727
21.3 0.989752
21.5 0.989764
21.7 0.989826
21.9 0.989838
22.1 0.989875
22.3 0.989899
22.5 0.989924
22.7 0.99001
22.9 0.990059
23.1 0.990084
23.3 0.990108
23.5 0.990145
23.7 0.990158
23.9 0.990158
24.1 0.990231
24.3 0.990268
24.5 0.990305
24.7 0.990342
24.9 0.990403
25.1 0.990452
25.3 0.990452
25.5 0.990452
25.7 0.990489
25.9 0.990502
26.1 0.990514
26.3 0.990551
26.5 0.990575
26.7 0.990588
26.9 0.9906
27.1 0.990674
27.3 0.990747
27.5 0.990784
27.7 0.990821
27.9 0.990858
28.1 0.990883
28.3 0.990907
28.5 0.990969
28.7 0.990993
28.9 0.990993
29.1 0.991042
29.3 0.991067
29.5 0.991116
29.7 0.991141
29.9 0.991153
30.1 0.991177
30.3 0.991239
30.5 0.991288
30.7 0.991386
30.9 0.991399
31.1 0.991423
31.3 0.99146
31.5 0.991485
31.7 0.991509
31.9 0.991521
32.1 0.991534
32.3 0.991595
32.5 0.99162
32.7 0.991657
32.9 0.991657
33.1 0.991669
33.3 0.991681
33.5 0.991681
33.7 0.991743
33.9 0.991767
34.1 0.991804
34.3 0.991816
34.5 0.991841
34.7 0.99189
34.9 0.991939
35.1 0.991952
35.3 0.991952
35.5 0.991964
35.7 0.991988
35.9 0.992013
36.1 0.992013
36.3 0.992025
36.5 0.992038
36.7 0.992038
36.9 0.99205
37.1 0.992087
37.3 0.992111
37.5 0.992124
37.7 0.992148
37.9 0.99221
38.1 0.992246
38.3 0.992296
38.5 0.992308
38.7 0.992332
38.9 0.992345
39.1 0.992357
39.3 0.992382
39.5 0.992418
39.7 0.992468
39.9 0.99248
40.1 0.992517
40.3 0.992529
40.5 0.992566
40.7 0.992615
40.9 0.99264
41.1 0.99264
41.3 0.992664
41.5 0.992664
41.7 0.992664
41.9 0.992689
42.1 0.992701
42.3 0.992713
42.5 0.992726
42.7 0.992775
42.9 0.992787
43.1 0.992799
43.3 0.992849
43.5 0.992849
43.7 0.992861
43.9 0.992873
44.1 0.992873
44.3 0.992873
44.5 0.99291
44.7 0.992935
44.9 0.992959
45.1 0.992959
45.3 0.993021
45.5 0.993057
45.7 0.993107
45.9 0.993131
46.1 0.99318
46.3 0.993217
46.5 0.993242
46.7 0.993254
46.9 0.993279
47.1 0.993352
47.3 0.993389
47.5 0.993426
47.7 0.993426
47.9 0.993438
48.1 0.993488
48.3 0.993512
48.5 0.993537
48.7 0.993561
48.9 0.993586
49.1 0.993586
49.3 0.993598
49.5 0.993623
49.7 0.99366
49.9 0.993733
50.1 0.993758
50.3 0.993758
50.5 0.99377
50.7 0.993795
50.9 0.993819
51.1 0.993844
51.3 0.993881
51.5 0.993905
51.7 0.99393
51.9 0.993954
52.1 0.993967
52.3 0.993967
52.5 0.993979
52.7 0.993991
52.9 0.994016
53.1 0.994028
53.3 0.994028
53.5 0.994028
53.7 0.994053
53.9 0.99409
54.1 0.994114
54.3 0.994126
54.5 0.994151
54.7 0.994188
54.9 0.994212
55.1 0.994225
55.3 0.994237
55.5 0.994286
55.7 0.994323
55.9 0.994335
56.1 0.99436
56.3 0.994397
56.5 0.994397
56.7 0.994434
56.9 0.994458
57.1 0.994483
57.3 0.99452
57.5 0.994581
57.7 0.994606
57.9 0.994618
58.1 0.994655
58.3 0.994704
58.5 0.994753
58.7 0.99479
58.9 0.994815
59.1 0.994851
59.3 0.994851
59.5 0.994876
59.7 0.994876
59.9 0.994901
60.1 0.994913
60.3 0.99495
60.5 0.994974
60.7 0.995023
60.9 0.995036
61.1 0.99506
61.3 0.995085
61.5 0.995122
61.7 0.995122
61.9 0.995134
62.1 0.995171
62.3 0.995208
62.5 0.995232
62.7 0.995269
62.9 0.995294
63.1 0.995331
63.3 0.995331
63.5 0.995368
63.7 0.995417
63.9 0.995417
64.1 0.995429
64.3 0.995478
64.5 0.99549
64.7 0.995503
64.9 0.995515
65.1 0.995552
65.3 0.995576
65.5 0.995589
65.7 0.995601
65.9 0.995675
66.1 0.995712
66.3 0.995724
66.5 0.995761
66.7 0.995773
66.9 0.995798
67.1 0.995834
67.3 0.995847
67.5 0.995847
67.7 0.995884
67.9 0.995896
68.1 0.99592
68.3 0.995957
68.5 0.995994
68.7 0.996031
68.9 0.99608
69.1 0.996105
69.3 0.996105
69.5 0.996129
69.7 0.996129
69.9 0.996166
70.1 0.996203
70.3 0.99624
70.5 0.996252
70.7 0.996277
70.9 0.996326
71.1 0.996351
71.3 0.9964
71.5 0.996437
71.7 0.996486
71.9 0.996486
72.1 0.99651
72.3 0.996547
72.5 0.996547
72.7 0.996609
72.9 0.996621
73.1 0.99667
73.3 0.996695
73.5 0.996744
73.7 0.996756
73.9 0.996768
74.1 0.996781
74.3 0.996817
74.5 0.996891
74.7 0.996928
74.9 0.996977
75.1 0.997002
75.3 0.997026
75.5 0.997051
75.7 0.997051
75.9 0.997076
76.1 0.997076
76.3 0.997112
76.5 0.997125
76.7 0.997149
76.9 0.997174
77.1 0.997174
77.3 0.997211
77.5 0.997235
77.7 0.99726
77.9 0.997297
78.1 0.997321
78.3 0.997346
78.5 0.997358
78.7 0.997383
78.9 0.997383
79.1 0.99742
79.3 0.99742
79.5 0.997481
79.7 0.997506
79.9 0.997542
80.1 0.997567
80.3 0.997604
80.5 0.997616
80.7 0.997641
80.9 0.997653
81.1 0.997702
81.3 0.997751
81.5 0.997764
81.7 0.997776
81.9 0.997825
82.1 0.997837
82.3 0.997874
82.5 0.997899
82.7 0.997948
82.9 0.997948
83.1 0.99796
83.3 0.997973
83.5 0.998009
83.7 0.998034
83.9 0.998046
84.1 0.998059
84.3 0.998083
84.5 0.998083
84.7 0.998095
84.9 0.998108
85.1 0.998108
85.3 0.99812
85.5 0.998132
85.7 0.998157
85.9 0.998181
86.1 0.998181
86.3 0.998218
86.5 0.998231
86.7 0.998255
86.9 0.99828
87.1 0.998341
87.3 0.998378
87.5 0.99839
87.7 0.998427
87.9 0.998452
88.1 0.998464
88.3 0.998476
88.5 0.998489
88.7 0.998513
88.9 0.998575
89.1 0.998575
89.3 0.998587
89.5 0.998587
89.7 0.998624
89.9 0.998648
90.1 0.998661
90.3 0.998673
90.5 0.998685
90.7 0.99871
90.9 0.998734
91.1 0.998747
91.3 0.998771
91.5 0.998771
91.7 0.99882
91.9 0.998845
92.1 0.99887
92.3 0.998919
92.5 0.998931
92.7 0.999017
92.9 0.999029
93.1 0.999042
93.3 0.999066
93.5 0.99914
93.7 0.99914
93.9 0.99914
94.1 0.999164
94.3 0.999164
94.5 0.999177
94.7 0.999226
94.9 0.999263
95.1 0.999312
95.3 0.999349
95.5 0.999361
95.7 0.999386
95.9 0.999422
96.1 0.999496
96.3 0.999545
96.5 0.99957
96.7 0.99957
96.9 0.999619
97.1 0.999656
97.3 0.999693
97.5 0.999705
97.7 0.999717
97.9 0.999754
98.1 0.999803
98.3 0.999816
98.5 0.999828
98.7 0.999828
98.9 0.99984
99.1 0.999902
99.3 0.999914
99.5 0.999926
99.7 0.999975
99.9 1
