1999
-299.5 1.04562e-05
-299.3 2.09124e-05
-299.1 2.09124e-05
-298.9 2.09124e-05
-298.7 2.09124e-05
-298.5 3.13686e-05
-298.3 3.13686e-05
-298.1 3.13686e-05
-297.9 4.18248e-05
-297.7 4.18248e-05
-297.5 5.2281e-05
-297.3 6.27372e-05
-297.1 6.27372e-05
-296.9 7.31934e-05
-296.7 8.36496e-05
-296.5 9.41058e-05
-296.3 9.41058e-05
-296.1 0.000104562
-295.9 0.000115018
-295.7 0.000135931
-295.5 0.000156843
-295.3 0.000177755
-295.1 0.000177755
-294.9 0.000209124
-294.7 0.000209124
-294.5 0.00021958
-294.3 0.00021958
-294.1 0.00021958
-293.9 0.000230036
-293.7 0.000230036
-293.5 0.000240493
-293.3 0.000250949
-293.1 0.000250949
-292.9 0.000250949
-292.7 0.000250949
-292.5 0.000261405
-292.3 0.000271861
-292.1 0.000282318
-291.9 0.000292774
-291.7 0.000313686
-291.5 0.000324142
-291.3 0.000324142
-291.1 0.000334599
-290.9 0.000345055
-290.7 0.000345055
-290.5 0.000345055
-290.3 0.000345055
-290.1 0.000345055
-289.9 0.000345055
-289.7 0.000345055
-289.5 0.000345055
-289.3 0.000355511
-289.1 0.000355511
-288.9 0.000355511
-288.7 0.000355511
-288.5 0.000365967
-288.3 0.000365967
-288.1 0.000365967
-287.9 0.000365967
-287.7 0.000365967
-287.5 0.000365967
-287.3 0.000365967
-287.1 0.000376423
-286.9 0.000376423
-286.7 0.000376423
-286.5 0.00038688
-286.3 0.000397336
-286.1 0.000397336
-285.9 0.000397336
-285.7 0.000397336
-285.5 0.000407792
-285.3 0.000407792
-285.1 0.000407792
-284.9 0.000407792
-284.7 0.000407792
-284.5 0.000407792
-284.3 0.000407792
-284.1 0.000407792
-283.9 0.000428704
-283.7 0.000449617
-283.5 0.000449617
-283.3 0.000449617
-283.1 0.000470529
-282.9 0.000501898
-282.7 0.000512354
-282.5 0.000512354
-282.3 0.00052281
-282.1 0.00052281
-281.9 0.00052281
-281.7 0.00052281
-281.5 0.00052281
-281.3 0.00052281
-281.1 0.00052281
-280.9 0.00052281
-280.7 0.00052281
-280.5 0.00052281
-280.3 0.000533266
-280.1 0.000554179
-279.9 0.000575091
-279.7 0.000575091
-279.5 0.000585547
-279.3 0.000585547
-279.1 0.000596004
-278.9 0.000596004
-278.7 0.00060646
-278.5 0.00060646
-278.3 0.00060646
-278.1 0.000616916
-277.9 0.000627372
-277.7 0.000627372
-277.5 0.000627372
-277.3 0.000627372
-277.1 0.000637828
-276.9 0.000648285
-276.7 0.000648285
-276.5 0.000658741
-276.3 0.000669197
-276.1 0.000669197
-275.9 0.000669197
-275.7 0.000669197
-275.5 0.000679653
-275.3 0.000679653
-275.1 0.000690109
-274.9 0.000690109
-274.7 0.000690109
-274.5 0.000700566
-274.3 0.000700566
-274.1 0.000700566
-273.9 0.000731934
-273.7 0.000731934
-273.5 0.000752847
-273.3 0.000763303
-273.1 0.000784215
-272.9 0.000784215
-272.7 0.000784215
-272.5 0.000794672
-272.3 0.000805128
-272.1 0.000805128
-271.9 0.000805128
-271.7 0.000805128
-271.5 0.000815584
-271.3 0.000815584
-271.1 0.00082604
-270.9 0.000836496
-270.7 0.000836496
-270.5 0.000836496
-270.3 0.000836496
-270.1 0.000836496
-269.9 0.000846953
-269.7 0.000846953
-269.5 0.000857409
-269.3 0.000878321
-269.1 0.000878321
-268.9 0.000878321
-268.7 0.000878321
-268.5 0.000878321
-268.3 0.000878321
-268.1 0.000878321
-267.9 0.000878321
-267.7 0.000888777
-267.5 0.000888777
-267.3 0.000899234
-267.1 0.000899234
-266.9 0.000899234
-266.7 0.00090969
-266.5 0.000920146
-266.3 0.000920146
-266.1 0.000930602
-265.9 0.000941058
-265.7 0.000961971
-265.5 0.000961971
-265.3 0.000961971
-265.1 0.000961971
-264.9 0.000961971
-264.7 0.000961971
-264.5 0.000982883
-264.3 0.000993339
-264.1 0.000993339
-263.9 0.000993339
-263.7 0.000993339
-263.5 0.0010038
-263.3 0.0010038
-263.1 0.00101425
-262.9 0.00101425
-262.7 0.00101425
-262.5 0.00101425
-262.3 0.00101425
-262.1 0.00101425
-261.9 0.00101425
-261.7 0.00101425
-261.5 0.00101425
-261.3 0.00101425
-261.1 0.00102471
-260.9 0.00102471
-260.7 0.00102471
-260.5 0.00102471
-260.3 0.00104562
-260.1 0.00105608
-259.9 0.00105608
-259.7 0.00105608
-259.5 0.00105608
-259.3 0.00107699
-259.1 0.00107699
-258.9 0.00107699
-258.7 0.00107699
-258.5 0.00107699
-258.3 0.00108745
-258.1 0.00108745
-257.9 0.0010979
-257.7 0.0010979
-257.5 0.0010979
-257.3 0.0010979
-257.1 0.0010979
-256.9 0.00110836
-256.7 0.00113973
-256.5 0.00113973
-256.3 0.00115018
-256.1 0.00115018
-255.9 0.00115018
-255.7 0.00115018
-255.5 0.00116064
-255.3 0.00116064
-255.1 0.00117109
-254.9 0.00117109
-254.7 0.00118155
-254.5 0.00118155
-254.3 0.00118155
-254.1 0.00119201
-253.9 0.00119201
-253.7 0.00119201
-253.5 0.00120246
-253.3 0.00120246
-253.1 0.00121292
-252.9 0.00121292
-252.7 0.00121292
-252.5 0.00121292
-252.3 0.00121292
-252.1 0.00121292
-251.9 0.00121292
-251.7 0.00121292
-251.5 0.00122338
-251.3 0.00123383
-251.1 0.00123383
-250.9 0.00124429
-250.7 0.00125474
-250.5 0.0012652
-250.3 0.0012652
-250.1 0.0012652
-249.9 0.00127566
-249.7 0.00127566
-249.5 0.00127566
-249.3 0.00128611
-249.1 0.00129657
-248.9 0.00129657
-248.7 0.00130703
-248.5 0.00131748
-248.3 0.00132794
-248.1 0.00132794
-247.9 0.00132794
-247.7 0.00132794
-247.5 0.00132794
-247.3 0.00132794
-247.1 0.00132794
-246.9 0.00132794
-246.7 0.00133839
-246.5 0.00133839
-246.3 0.00133839
-246.1 0.00134885
-245.9 0.00134885
-245.7 0.00134885
-245.5 0.00135931
-245.3 0.00135931
-245.1 0.00135931
-244.9 0.00136976
-244.7 0.00136976
-244.5 0.00138022
-244.3 0.00138022
-244.1 0.00138022
-243.9 0.00138022
-243.7 0.00138022
-243.5 0.00139068
-243.3 0.00140113
-243.1 0.00141159
-242.9 0.00141159
-242.7 0.00141159
-242.5 0.00141159
-242.3 0.00142204
-242.1 0.00142204
-241.9 0.00142204
-241.7 0.0014325
-241.5 0.0014325
-241.3 0.0014325
-241.1 0.00145341
-240.9 0.00145341
-240.7 0.00145341
-240.5 0.00145341
-240.3 0.00146387
-240.1 0.00146387
-239.9 0.00146387
-239.7 0.00148478
-239.5 0.00148478
-239.3 0.00148478
-239.1 0.00148478
-238.9 0.00149524
-238.7 0.00149524
-238.5 0.00150569
-238.3 0.00151615
-238.1 0.00151615
-237.9 0.00152661
-237.7 0.00152661
-237.5 0.00154752
-237.3 0.00155797
-237.1 0.00155797
-236.9 0.00155797
-236.7 0.00155797
-236.5 0.00155797
-236.3 0.00155797
-236.1 0.00155797
-235.9 0.00156843
-235.7 0.00156843
-235.5 0.00156843
-235.3 0.00157889
-235.1 0.0015998
-234.9 0.0015998
-234.7 0.00161026
-234.5 0.00161026
-234.3 0.00161026
-234.1 0.00163117
-233.9 0.00164162
-233.7 0.00164162
-233.5 0.00164162
-233.3 0.00164162
-233.1 0.00166254
-232.9 0.00166254
-232.7 0.00167299
-232.5 0.00168345
-232.3 0.00168345
-232.1 0.00169391
-231.9 0.00169391
-231.7 0.00169391
-231.5 0.00171482
-231.3 0.00171482
-231.1 0.00171482
-230.9 0.00172527
-230.7 0.00172527
-230.5 0.00173573
-230.3 0.00173573
-230.1 0.00173573
-229.9 0.00173573
-229.7 0.00173573
-229.5 0.00173573
-229.3 0.00173573
-229.1 0.00174619
-228.9 0.00175664
-228.7 0.00177755
-228.5 0.00177755
-228.3 0.00177755
-228.1 0.00177755
-227.9 0.00177755
-227.7 0.00177755
-227.5 0.00178801
-227.3 0.00179847
-227.1 0.00180892
-226.9 0.00180892
-226.7 0.00180892
-226.5 0.00181938
-226.3 0.00181938
-226.1 0.00181938
-225.9 0.00182984
-225.7 0.00182984
-225.5 0.00184029
-225.3 0.00184029
-225.1 0.00184029
-224.9 0.00185075
-224.7 0.00185075
-224.5 0.00185075
-224.3 0.00185075
-224.1 0.00185075
-223.9 0.0018612
-223.7 0.0018612
-223.5 0.00187166
-223.3 0.00187166
-223.1 0.00187166
-222.9 0.00188212
-222.7 0.00189257
-222.5 0.00189257
-222.3 0.00190303
-222.1 0.00190303
-221.9 0.00190303
-221.7 0.00190303
-221.5 0.00192394
-221.3 0.0019344
-221.1 0.0019344
-220.9 0.00194485
-220.7 0.00196577
-220.5 0.00196577
-220.3 0.00198668
-220.1 0.00199714
-219.9 0.00199714
-219.7 0.00200759
-219.5 0.00200759
-219.3 0.00200759
-219.1 0.00200759
-218.9 0.00200759
-218.7 0.00200759
-218.5 0.00204942
-218.3 0.00205987
-218.1 0.00205987
-217.9 0.00205987
-217.7 0.00207033
-217.5 0.00208078
-217.3 0.00208078
-217.1 0.00208078
-216.9 0.00209124
-216.7 0.0021017
-216.5 0.00212261
-216.3 0.00212261
-216.1 0.00212261
-215.9 0.00215398
-215.7 0.00215398
-215.5 0.0021958
-215.3 0.00220626
-215.1 0.00223763
-214.9 0.00230036
-214.7 0.00234219
-214.5 0.0024363
-214.3 0.0025304
-214.1 0.00257223
-213.9 0.00268724
-213.7 0.00280226
-213.5 0.00292774
-213.3 0.00305321
-213.1 0.00327279
-212.9 0.00339827
-212.7 0.00369104
-212.5 0.00394199
-212.3 0.00426613
-212.1 0.00461119
-211.9 0.00503989
-211.7 0.00540586
-211.5 0.00592867
-211.3 0.00651422
-211.1 0.00703703
-210.9 0.00761212
-210.7 0.00818721
-210.5 0.00878321
-210.3 0.00954651
-210.1 0.0103516
-209.9 0.0109895
-209.7 0.0118155
-209.5 0.0125997
-209.3 0.0135617
-209.1 0.0144505
-208.9 0.0154647
-208.7 0.016479
-208.5 0.0176919
-208.3 0.0191767
-208.1 0.020421
-207.9 0.0216757
-207.7 0.0228782
-207.5 0.0243525
-207.3 0.0256595
-207.1 0.0272489
-206.9 0.0287755
-206.7 0.0300825
-206.5 0.0317241
-206.3 0.033303
-206.1 0.0349655
-205.9 0.0368058
-205.7 0.0387507
-205.5 0.0403087
-205.3 0.0419503
-205.1 0.0440311
-204.9 0.0456832
-204.7 0.047628
-204.5 0.0496356
-204.3 0.0514445
-204.1 0.0531384
-203.9 0.0550833
-203.7 0.0571327
-203.5 0.058973
-203.3 0.0607192
-203.1 0.0623922
-202.9 0.0644102
-202.7 0.0662714
-202.5 0.0680072
-202.3 0.0700879
-202.1 0.0720328
-201.9 0.0738835
-201.7 0.0758179
-201.5 0.0778883
-201.3 0.0799586
-201.1 0.0820812
-200.9 0.084162
-200.7 0.0861278
-200.5 0.0881563
-200.3 0.0900593
-200.1 0.0921192
-199.9 0.0942313
-199.7 0.0961971
-199.5 0.0981315
-199.3 0.100348
-199.1 0.102534
-198.9 0.104646
-198.7 0.106507
-198.5 0.10842
-198.3 0.110282
-198.1 0.112352
-197.9 0.114182
-197.7 0.11598
-197.5 0.117883
-197.3 0.11965
-197.1 0.121532
-196.9 0.123205
-196.7 0.125046
-196.5 0.126959
-196.3 0.128873
-196.1 0.130786
-195.9 0.132522
-195.7 0.134164
-195.5 0.136014
-195.3 0.13776
-195.1 0.139392
-194.9 0.14119
-194.7 0.142894
-194.5 0.144484
-194.3 0.146021
-194.1 0.147547
-193.9 0.149189
-193.7 0.150643
-193.5 0.152127
-193.3 0.15356
-193.1 0.155222
-192.9 0.156791
-192.7 0.158579
-192.5 0.159928
-192.3 0.161402
-192.1 0.162803
-191.9 0.164089
-191.7 0.165449
-191.5 0.166891
-191.3 0.168146
-191.1 0.169662
-190.9 0.171179
-190.7 0.17236
-190.5 0.173657
-190.3 0.175037
-190.1 0.176333
-189.9 0.17764
-189.7 0.178958
-189.5 0.180223
-189.3 0.181572
-189.1 0.182858
-188.9 0.184134
-188.7 0.185566
-188.5 0.186696
-188.3 0.187971
-188.1 0.18908
-187.9 0.190198
-187.7 0.191139
-187.5 0.192101
-187.3 0.193262
-187.1 0.194297
-186.9 0.195364
-186.7 0.196577
-186.5 0.197748
-186.3 0.198867
-186.1 0.199703
-185.9 0.20077
-185.7 0.201909
-185.5 0.202965
-185.3 0.204053
-185.1 0.204994
-184.9 0.206144
-184.7 0.207148
-184.5 0.208089
-184.3 0.209093
-184.1 0.210076
-183.9 0.211048
-183.7 0.211979
-183.5 0.213056
-183.3 0.213997
-183.1 0.215053
-182.9 0.215879
-182.7 0.216799
-182.5 0.217405
-182.3 0.218346
-182.1 0.219057
-181.9 0.219831
-181.7 0.220804
-181.5 0.22163
-181.3 0.222602
-181.1 0.223616
-180.9 0.224516
-180.7 0.225436
-180.5 0.22646
-180.3 0.22737
-180.1 0.228384
-179.9 0.22944
-179.7 0.230402
-179.5 0.231427
-179.3 0.232358
-179.1 0.233236
-178.9 0.23424
-178.7 0.235129
-178.5 0.236007
-178.3 0.236864
-178.1 0.237711
-177.9 0.238516
-177.7 0.23929
-177.5 0.240116
-177.3 0.240963
-177.1 0.241779
-176.9 0.242688
-176.7 0.243535
-176.5 0.244393
-176.3 0.24524
-176.1 0.24615
-175.9 0.24685
-175.7 0.247781
-175.5 0.248743
-175.3 0.24959
-175.1 0.250677
-174.9 0.251764
-174.7 0.252622
-174.5 0.253437
-174.3 0.254243
-174.1 0.25511
-173.9 0.255957
-173.7 0.256857
-173.5 0.257672
-173.3 0.258456
-173.1 0.259209
-172.9 0.260046
-172.7 0.260987
-172.5 0.261761
-172.3 0.262419
-172.1 0.263099
-171.9 0.263977
-171.7 0.264992
-171.5 0.26587
-171.3 0.266591
-171.1 0.267585
-170.9 0.268421
-170.7 0.269341
-170.5 0.270157
-170.3 0.271025
-170.1 0.27183
-169.9 0.27275
-169.7 0.273566
-169.5 0.274308
-169.3 0.275092
-169.1 0.275908
-168.9 0.276755
-168.7 0.277539
-168.5 0.278658
-168.3 0.279463
-168.1 0.280216
-167.9 0.28101
-167.7 0.281941
-167.5 0.282694
-167.3 0.283468
-167.1 0.284315
-166.9 0.28512
-166.7 0.286009
-166.5 0.28696
-166.3 0.287817
-166.1 0.288623
-165.9 0.289428
-165.7 0.290306
-165.5 0.291174
-165.3 0.292157
-165.1 0.293014
-164.9 0.293851
-164.7 0.294719
-164.5 0.295618
-164.3 0.296444
-164.1 0.297207
-163.9 0.298012
-163.7 0.298723
-163.5 0.299455
-163.3 0.300145
-163.1 0.301024
-162.9 0.302007
-162.7 0.302812
-162.5 0.303533
-162.3 0.304391
-162.1 0.305321
-161.9 0.306158
-161.7 0.307046
-161.5 0.307946
-161.3 0.308531
-161.1 0.309598
-160.9 0.310413
-160.7 0.311218
-160.5 0.31218
-160.3 0.312954
-160.1 0.313791
-159.9 0.314669
-159.7 0.315537
-159.5 0.316342
-159.3 0.317116
-159.1 0.317984
-158.9 0.318893
-158.7 0.319834
-158.5 0.320702
-158.3 0.321424
-158.1 0.32225
-157.9 0.322961
-157.7 0.323912
-157.5 0.324665
-157.3 0.325418
-157.1 0.326087
-156.9 0.326924
-156.7 0.327697
-156.5 0.328513
-156.3 0.329496
-156.1 0.330479
-155.9 0.331472
-155.7 0.332486
-155.5 0.333427
-155.3 0.334201
-155.1 0.334818
-154.9 0.335707
-154.7 0.336596
-154.5 0.337464
-154.3 0.338216
-154.1 0.338938
-153.9 0.339753
-153.7 0.340695
-153.5 0.341458
-153.3 0.342357
-153.1 0.343361
-152.9 0.344166
-152.7 0.344982
-152.5 0.345881
-152.3 0.346686
-152.1 0.347575
-151.9 0.348484
-151.7 0.349321
-151.5 0.350157
-151.3 0.351098
-151.1 0.352008
-150.9 0.352939
-150.7 0.353817
-150.5 0.354999
-150.3 0.355887
-150.1 0.356797
-149.9 0.35778
-149.7 0.358805
-149.5 0.359756
-149.3 0.360687
-149.1 0.361534
-148.9 0.362318
-148.7 0.363092
-148.5 0.363918
-148.3 0.364671
-148.1 0.365528
-147.9 0.36648
-147.7 0.367211
-147.5 0.368027
-147.3 0.368937
-147.1 0.369794
-146.9 0.370589
-146.7 0.371457
-146.5 0.372377
-146.3 0.373349
-146.1 0.374196
-145.9 0.374897
-145.7 0.37566
-145.5 0.376559
-145.3 0.377364
-145.1 0.378149
-144.9 0.378954
-144.7 0.379843
-144.5 0.380616
-144.3 0.381536
-144.1 0.382488
-143.9 0.38322
-143.7 0.384067
-143.5 0.384799
-143.3 0.385635
-143.1 0.38644
-142.9 0.387465
-142.7 0.388406
-142.5 0.389379
-142.3 0.390278
-142.1 0.391062
-141.9 0.391763
-141.7 0.392484
-141.5 0.393352
-141.3 0.394366
-141.1 0.395224
-140.9 0.396154
-140.7 0.397064
-140.5 0.397859
-140.3 0.398695
-140.1 0.399511
-139.9 0.400337
-139.7 0.401225
-139.5 0.402072
-139.3 0.402763
-139.1 0.403609
-138.9 0.404613
-138.7 0.40545
-138.5 0.406391
-138.3 0.407206
-138.1 0.407897
-137.9 0.408618
-137.7 0.409538
-137.5 0.41027
-137.3 0.411054
-137.1 0.411807
-136.9 0.412654
-136.7 0.413512
-136.5 0.414463
-136.3 0.41532
-136.1 0.416167
-135.9 0.417014
-135.7 0.417778
-135.5 0.418593
-135.3 0.419534
-135.1 0.420423
-134.9 0.421375
-134.7 0.422086
-134.5 0.422995
-134.3 0.423989
-134.1 0.424898
-133.9 0.425735
-133.7 0.426655
-133.5 0.427575
-133.3 0.428412
-133.1 0.429164
-132.9 0.429949
-132.7 0.430806
-132.5 0.431569
-132.3 0.432437
-132.1 0.433326
-131.9 0.434267
-131.7 0.43502
-131.5 0.43593
-131.3 0.436724
-131.1 0.437456
-130.9 0.438481
-130.7 0.439328
-130.5 0.440164
-130.3 0.44098
-130.1 0.442015
-129.9 0.442883
-129.7 0.443803
-129.5 0.444702
-129.3 0.445623
-129.1 0.446595
-128.9 0.447421
-128.7 0.448331
-128.5 0.449282
-128.3 0.450181
-128.1 0.450987
-127.9 0.451917
-127.7 0.452848
-127.5 0.453716
-127.3 0.454657
-127.1 0.455545
-126.9 0.456162
-126.7 0.456884
-126.5 0.457814
-126.3 0.45864
-126.1 0.459738
-125.9 0.460523
-125.7 0.461307
-125.5 0.462133
-125.3 0.463001
-125.1 0.463795
-124.9 0.464705
-124.7 0.465531
-124.5 0.466336
-124.3 0.467131
-124.1 0.467926
-123.9 0.468877
-123.7 0.469661
-123.5 0.470477
-123.3 0.471387
-123.1 0.472024
-122.9 0.472934
-122.7 0.473844
-122.5 0.474743
-122.3 0.475444
-122.1 0.47628
-121.9 0.477022
-121.7 0.477953
-121.5 0.47879
-121.3 0.479542
-121.1 0.480138
-120.9 0.480923
-120.7 0.481696
-120.5 0.482658
-120.3 0.483526
-120.1 0.484446
-119.9 0.485335
-119.7 0.486276
-119.5 0.48704
-119.3 0.488012
-119.1 0.488922
-118.9 0.489821
-118.7 0.49071
-118.5 0.491609
-118.3 0.492466
-118.1 0.493052
-117.9 0.49416
-117.7 0.495143
-117.5 0.495885
-117.3 0.49667
-117.1 0.497496
-116.9 0.498332
-116.7 0.499127
-116.5 0.500026
-116.3 0.500988
-116.1 0.501793
-115.9 0.502797
-115.7 0.503707
-115.5 0.504501
-115.3 0.505505
-115.1 0.506415
-114.9 0.507272
-114.7 0.508098
-114.5 0.509196
-114.3 0.510085
-114.1 0.510859
-113.9 0.511748
-113.7 0.512615
-113.5 0.513441
-113.3 0.514362
-113.1 0.515146
-112.9 0.515878
-112.7 0.516631
-112.5 0.51753
-112.3 0.51823
-112.1 0.519088
-111.9 0.519862
-111.7 0.520782
-111.5 0.521754
-111.3 0.522622
-111.1 0.523479
-110.9 0.524285
-110.7 0.5251
-110.5 0.525822
-110.3 0.526815
-110.1 0.527746
-109.9 0.528791
-109.7 0.529858
-109.5 0.530746
-109.3 0.531614
-109.1 0.532524
-108.9 0.533371
-108.7 0.534354
-108.5 0.535201
-108.3 0.536027
-108.1 0.536801
-107.9 0.537585
-107.7 0.538348
-107.5 0.53907
-107.3 0.539854
-107.1 0.540753
-106.9 0.541537
-106.7 0.542238
-106.5 0.543033
-106.3 0.543754
-106.1 0.544643
-105.9 0.545479
-105.7 0.546441
-105.5 0.547163
-105.3 0.548051
-105.1 0.548993
-104.9 0.549693
-104.7 0.550749
-104.5 0.551607
-104.3 0.552307
-104.1 0.55329
-103.9 0.554336
-103.7 0.555141
-103.5 0.55605
-103.3 0.55696
-103.1 0.557744
-102.9 0.558633
-102.7 0.559491
-102.5 0.560369
-102.3 0.561289
-102.1 0.562146
-101.9 0.562983
-101.7 0.563903
-101.5 0.564886
-101.3 0.565796
-101.1 0.56658
-100.9 0.567416
-100.7 0.568284
-100.5 0.569027
-100.3 0.569874
-100.1 0.570783
-99.9 0.571515
-99.7 0.572373
-99.5 0.573136
-99.3 0.574098
-99.1 0.575081
-98.9 0.576126
-98.7 0.576973
-98.5 0.577789
-98.3 0.578667
-98.1 0.579493
-97.9 0.580445
-97.7 0.581229
-97.5 0.582107
-97.3 0.582892
-97.1 0.58377
-96.9 0.584429
-96.7 0.585432
-96.5 0.586342
-96.3 0.587168
-96.1 0.587973
-95.9 0.58881
-95.7 0.589604
-95.5 0.590483
-95.3 0.59133
-95.1 0.592365
-94.9 0.593045
-94.7 0.593954
-94.5 0.594958
-94.3 0.595836
-94.1 0.596788
-93.9 0.597729
-93.7 0.598597
-93.5 0.599454
-93.3 0.600343
-93.1 0.601106
-92.9 0.601922
-92.7 0.602507
-92.5 0.603511
-92.3 0.604379
-92.1 0.605289
-91.9 0.606293
-91.7 0.607129
-91.5 0.607966
-91.3 0.608844
-91.1 0.609691
-90.9 0.610506
-90.7 0.611353
-90.5 0.612378
-90.3 0.613173
-90.1 0.614145
-89.9 0.615222
-89.7 0.615985
-89.5 0.616885
-89.3 0.617857
-89.1 0.618589
-88.9 0.619488
-88.7 0.620304
-88.5 0.621119
-88.3 0.621956
-88.1 0.622751
-87.9 0.623608
-87.7 0.624528
-87.5 0.625438
-87.3 0.62618
-87.1 0.627038
-86.9 0.627811
-86.7 0.628815
-86.5 0.629599
-86.3 0.630488
-86.1 0.63122
-85.9 0.632036
-85.7 0.632935
-85.5 0.63373
-85.3 0.63465
-85.1 0.63558
-84.9 0.636323
-84.7 0.637232
-84.5 0.6381
-84.3 0.639
-84.1 0.639878
-83.9 0.640704
-83.7 0.641582
-83.5 0.642356
-83.3 0.643109
-83.1 0.643862
-82.9 0.644803
-82.7 0.645754
-82.5 0.646591
-82.3 0.6475
-82.1 0.6484
-81.9 0.649278
-81.7 0.650261
-81.5 0.650972
-81.3 0.651808
-81.1 0.652708
-80.9 0.653628
-80.7 0.654673
-80.5 0.655531
-80.3 0.656231
-80.1 0.657131
-79.9 0.657936
-79.7 0.658699
-79.5 0.659525
-79.3 0.660382
-79.1 0.661292
-78.9 0.662087
-78.7 0.663038
-78.5 0.663749
-78.3 0.664492
-78.1 0.665318
-77.9 0.666039
-77.7 0.666939
-77.5 0.667859
-77.3 0.668873
-77.1 0.669709
-76.9 0.670535
-76.7 0.671351
-76.5 0.67225
-76.3 0.67317
-76.1 0.674059
-75.9 0.674969
-75.7 0.675774
-75.5 0.676726
-75.3 0.677531
-75.1 0.678158
-74.9 0.678911
-74.7 0.679841
-74.5 0.680751
-74.3 0.681504
-74.1 0.682309
-73.9 0.683208
-73.7 0.684118
-73.5 0.684892
-73.3 0.68576
-73.1 0.686565
-72.9 0.68737
-72.7 0.688259
-72.5 0.689106
-72.3 0.68989
-72.1 0.690632
-71.9 0.69173
-71.7 0.692703
-71.5 0.693455
-71.3 0.69424
-71.1 0.695108
-70.9 0.695923
-70.7 0.696686
-70.5 0.697481
-70.3 0.698244
-70.1 0.699018
-69.9 0.699823
-69.7 0.700838
-69.5 0.701643
-69.3 0.702552
-69.1 0.703556
-68.9 0.704508
-68.7 0.705511
-68.5 0.706296
-68.3 0.707101
-68.1 0.707958
-67.9 0.708732
-67.7 0.709453
-67.5 0.710395
-67.3 0.71121
-67.1 0.712047
-66.9 0.712977
-66.7 0.713699
-66.5 0.714462
-66.3 0.715288
-66.1 0.716281
-65.9 0.717003
-65.7 0.71786
-65.5 0.718843
-65.3 0.719701
-65.1 0.720391
-64.9 0.721206
-64.7 0.72199
-64.5 0.722921
-64.3 0.723998
-64.1 0.724866
-63.9 0.725765
-63.7 0.726612
-63.5 0.727689
-63.3 0.728369
-63.1 0.729059
-62.9 0.729979
-62.7 0.730763
-62.5 0.7316
-62.3 0.732572
-62.1 0.73344
-61.9 0.734266
-61.7 0.735019
-61.5 0.735845
-61.3 0.73666
-61.1 0.737518
-60.9 0.738386
-60.7 0.739275
-60.5 0.740038
-60.3 0.740812
-60.1 0.741449
-59.9 0.742401
-59.7 0.743196
-59.5 0.744179
-59.3 0.745005
-59.1 0.745893
-58.9 0.746667
-58.7 0.747378
-58.5 0.74812
-58.3 0.748936
-58.1 0.749626
-57.9 0.750588
-57.7 0.751383
-57.5 0.752397
-57.3 0.753192
-57.1 0.754049
-56.9 0.75499
-56.7 0.7559
-56.5 0.756893
-56.3 0.757636
-56.1 0.758504
-55.9 0.759371
-55.7 0.760177
-55.5 0.761034
-55.3 0.76187
-55.1 0.762717
-54.9 0.763564
-54.7 0.764453
-54.5 0.765258
-54.3 0.766178
-54.1 0.766952
-53.9 0.767674
-53.7 0.768521
-53.5 0.769273
-53.3 0.770005
-53.1 0.77079
-52.9 0.771501
-52.7 0.772306
-52.5 0.773174
-52.3 0.773916
-52.1 0.774763
-51.9 0.775767
-51.7 0.776499
-51.5 0.777272
-51.3 0.778151
-51.1 0.779196
-50.9 0.780075
-50.7 0.780995
-50.5 0.781664
-50.3 0.782333
-50.1 0.783306
-49.9 0.784205
-49.7 0.784801
-49.5 0.785658
-49.3 0.786505
-49.1 0.787195
-48.9 0.788074
-48.7 0.788942
-48.5 0.789694
-48.3 0.790688
-48.1 0.791597
-47.9 0.792392
-47.7 0.793239
-47.5 0.794107
-47.3 0.79509
-47.1 0.795874
-46.9 0.796721
-46.7 0.797453
-46.5 0.798373
-46.3 0.799199
-46.1 0.800036
-45.9 0.800872
-45.7 0.801562
-45.5 0.802179
-45.3 0.803005
-45.1 0.803768
-44.9 0.804511
-44.7 0.805285
-44.5 0.8061
-44.3 0.806958
-44.1 0.807773
-43.9 0.808756
-43.7 0.809613
-43.5 0.810324
-43.3 0.811077
-43.1 0.811956
-42.9 0.812646
-42.7 0.813545
-42.5 0.814381
-42.3 0.815218
-42.1 0.816044
-41.9 0.816933
-41.7 0.817727
-41.5 0.818501
-41.3 0.819463
-41.1 0.820373
-40.9 0.821126
-40.7 0.821837
-40.5 0.822726
-40.3 0.823583
-40.1 0.824399
-39.9 0.825204
-39.7 0.825998
-39.5 0.826939
-39.3 0.827828
-39.1 0.828842
-38.9 0.829606
-38.7 0.830411
-38.5 0.831373
-38.3 0.832199
-38.1 0.832952
-37.9 0.833558
-37.7 0.834426
-37.5 0.835294
-37.3 0.836099
-37.1 0.837019
-36.9 0.837929
-36.7 0.838744
-36.5 0.839685
-36.3 0.840574
-36.1 0.841453
-35.9 0.842446
-35.7 0.843512
-35.5 0.84437
-35.3 0.845175
-35.1 0.845959
-34.9 0.846817
-34.7 0.847684
-34.5 0.848458
-34.3 0.849274
-34.1 0.849891
-33.9 0.850591
-33.7 0.851365
-33.5 0.852254
-33.3 0.853331
-33.1 0.854397
-32.9 0.855286
-32.7 0.856144
-32.5 0.856959
-32.3 0.857785
-32.1 0.858559
-31.9 0.859375
-31.7 0.860201
-31.5 0.861016
-31.3 0.861884
-31.1 0.86272
-30.9 0.863777
-30.7 0.864509
-30.5 0.865335
-30.3 0.866286
-30.1 0.867248
-29.9 0.868116
-29.7 0.869015
-29.5 0.869716
-29.3 0.8705
-29.1 0.871546
-28.9 0.872466
-28.7 0.87326
-28.5 0.87418
-28.3 0.875048
-28.1 0.875895
-27.9 0.876753
-27.7 0.877516
-27.5 0.8783
-27.3 0.879116
-27.1 0.880005
-26.9 0.880747
-26.7 0.881468
-26.5 0.882315
-26.3 0.883121
-26.1 0.884009
-25.9 0.884825
-25.7 0.885588
-25.5 0.886268
-25.3 0.886989
-25.1 0.8877
-24.9 0.888537
-24.7 0.889237
-24.5 0.889917
-24.3 0.890754
-24.1 0.891642
-23.9 0.892427
-23.7 0.893357
-23.5 0.894225
-23.3 0.895114
-23.1 0.896055
-22.9 0.896975
-22.7 0.897665
-22.5 0.898313
-22.3 0.899035
-22.1 0.899861
-21.9 0.900802
-21.7 0.901733
-21.5 0.902611
-21.3 0.903364
-21.1 0.904284
-20.9 0.905194
-20.7 0.905842
-20.5 0.906605
-20.3 0.907379
-20.1 0.908226
-19.9 0.908989
-19.7 0.909784
-19.5 0.91061
-19.3 0.911363
-19.1 0.912147
-18.9 0.912973
-18.7 0.913872
-18.5 0.91474
-18.3 0.915451
-18.1 0.91634
-17.9 0.917145
-17.7 0.918034
-17.5 0.918787
-17.3 0.91954
-17.1 0.92024
-16.9 0.921035
-16.7 0.922039
-16.5 0.922729
-16.3 0.923837
-16.1 0.924579
-15.9 0.925447
-15.7 0.926399
-15.5 0.927246
-15.3 0.928124
-15.1 0.928908
-14.9 0.929797
-14.7 0.93055
-14.5 0.931261
-14.3 0.932087
-14.1 0.933018
-13.9 0.933896
-13.7 0.934858
-13.5 0.935632
-13.3 0.936531
-13.1 0.937409
-12.9 0.938361
-12.7 0.939229
-12.5 0.93995
-12.3 0.940766
-12.1 0.941633
-11.9 0.942449
-11.7 0.943097
-11.5 0.944059
-11.3 0.944927
-11.1 0.945868
-10.9 0.946569
-10.7 0.947384
-10.5 0.948346
-10.3 0.949151
-10.1 0.950009
-9.9 0.950877
-9.7 0.951535
-9.5 0.952351
-9.3 0.953303
-9.1 0.954108
-8.9 0.954777
-8.7 0.955593
-8.5 0.956419
-8.3 0.957255
-8.1 0.958332
-7.9 0.959095
-7.7 0.959848
-7.5 0.960695
-7.3 0.961511
-7.1 0.962305
-6.9 0.962975
-6.7 0.963487
-6.5 0.964438
-6.3 0.965202
-6.1 0.965881
-5.9 0.966572
-5.7 0.967387
-5.5 0.967941
-5.3 0.968705
-5.1 0.969437
-4.9 0.970053
-4.7 0.970838
-4.5 0.971434
-4.3 0.97204
-4.1 0.972783
-3.9 0.973379
-3.7 0.974152
-3.5 0.974842
-3.3 0.975543
-3.1 0.976181
-2.9 0.976766
-2.7 0.977394
-2.5 0.977969
-2.3 0.978492
-2.1 0.979035
-1.9 0.979642
-1.7 0.98029
-1.5 0.980677
-1.3 0.981137
-1.1 0.981785
-0.900002 0.982245
-0.700002 0.982716
-0.500002 0.983134
-0.300002 0.983636
-0.100002 0.984107
0.0999977 0.984546
0.299998 0.984964
0.499998 0.985445
0.699998 0.986104
0.899998 0.986532
1.1 0.986961
1.3 0.987348
1.5 0.987892
1.7 0.9883
1.9 0.988571
2.1 0.988875
2.3 0.989282
2.5 0.989533
2.7 0.989847
2.9 0.99014
3.1 0.990412
3.3 0.990621
3.5 0.990872
3.7 0.991206
3.9 0.99151
4.1 0.991708
4.3 0.991928
4.5 0.992231
4.7 0.992377
4.9 0.992566
5.1 0.992785
5.3 0.992953
5.5 0.993151
5.7 0.993392
5.9 0.993632
6.1 0.993789
6.3 0.994009
6.5 0.994176
6.7 0.994312
6.9 0.9945
7.1 0.994688
7.3 0.994824
7.5 0.994981
7.7 0.995096
7.9 0.995201
8.1 0.995368
8.3 0.995462
8.5 0.995587
8.7 0.995703
8.9 0.995765
9.1 0.995828
9.3 0.995953
9.5 0.996089
9.7 0.996183
9.9 0.996288
10.1 0.996351
10.3 0.996414
10.5 0.996466
10.7 0.996518
10.9 0.996591
11.1 0.996623
11.3 0.996675
11.5 0.996727
11.7 0.996779
11.9 0.996874
12.1 0.996968
12.3 0.996999
12.5 0.99703
12.7 0.997072
12.9 0.997114
13.1 0.997166
13.3 0.997219
13.5 0.99726
13.7 0.997313
13.9 0.997355
14.1 0.997417
14.3 0.997449
14.5 0.99747
14.7 0.997511
14.9 0.997532
15.1 0.997585
15.3 0.997585
15.5 0.997595
15.7 0.997626
15.9 0.997637
16.1 0.997637
16.3 0.997658
16.5 0.997679
16.7 0.997679
16.9 0.997689
17.1 0.9977
17.3 0.9977
17.5 0.99771
17.7 0.997721
17.9 0.997731
18.1 0.997762
18.3 0.997794
18.5 0.997804
18.7 0.997815
18.9 0.997825
19.1 0.997836
19.3 0.997856
19.5 0.997856
19.7 0.997867
19.9 0.997867
20.1 0.997877
20.3 0.997898
20.5 0.99793
20.7 0.99794
20.9 0.997951
21.1 0.997951
21.3 0.997982
21.5 0.997992
21.7 0.998003
21.9 0.998024
22.1 0.998024
22.3 0.998055
22.5 0.998055
22.7 0.998076
22.9 0.998076
23.1 0.998076
23.3 0.998076
23.5 0.998076
23.7 0.998087
23.9 0.998097
24.1 0.998107
24.3 0.998107
24.5 0.998118
24.7 0.998118
24.9 0.998139
25.1 0.998139
25.3 0.998139
25.5 0.99817
25.7 0.998181
25.9 0.998181
26.1 0.998181
26.3 0.998181
26.5 0.998181
26.7 0.998181
26.9 0.998181
27.1 0.998191
27.3 0.998202
27.5 0.998202
27.7 0.998212
27.9 0.998212
28.1 0.998222
28.3 0.998222
28.5 0.998233
28.7 0.998233
28.9 0.998243
29.1 0.998243
29.3 0.998254
29.5 0.998254
29.7 0.998254
29.9 0.998254
30.1 0.998264
30.3 0.998264
30.5 0.998264
30.7 0.998264
30.9 0.998275
31.1 0.998285
31.3 0.998285
31.5 0.998296
31.7 0.998296
31.9 0.998306
32.1 0.998317
32.3 0.998317
32.5 0.998317
32.7 0.998327
32.9 0.998337
33.1 0.998337
33.3 0.998337
33.5 0.998337
33.7 0.998337
33.9 0.998348
34.1 0.998358
34.3 0.998358
34.5 0.998358
34.7 0.998358
34.9 0.998358
35.1 0.998358
35.3 0.998358
35.5 0.998358
35.7 0.998358
35.9 0.998358
36.1 0.998379
36.3 0.998379
36.5 0.99839
36.7 0.99839
36.9 0.99839
37.1 0.9984
37.3 0.9984
37.5 0.998411
37.7 0.998411
37.9 0.998421
38.1 0.998442
38.3 0.998442
38.5 0.998442
38.7 0.998442
38.9 0.998452
39.1 0.998452
39.3 0.998463
39.5 0.998484
39.7 0.998484
39.9 0.998484
40.1 0.998494
40.3 0.998505
40.5 0.998505
40.7 0.998505
40.9 0.998505
41.1 0.998526
41.3 0.998526
41.5 0.998526
41.7 0.998536
41.9 0.998547
42.1 0.998547
42.3 0.998547
42.5 0.998547
42.7 0.998557
42.9 0.998557
43.1 0.998568
43.3 0.998568
43.5 0.998578
43.7 0.998588
43.9 0.998599
44.1 0.99862
44.3 0.99862
44.5 0.99863
44.7 0.99863
44.9 0.998641
45.1 0.998641
45.3 0.998651
45.5 0.998651
45.7 0.998651
45.9 0.998651
46.1 0.998662
46.3 0.998672
46.5 0.998672
46.7 0.998683
46.9 0.998683
47.1 0.998683
47.3 0.998693
47.5 0.998693
47.7 0.998693
47.9 0.998693
48.1 0.998693
48.3 0.998703
48.5 0.998714
48.7 0.998714
48.9 0.998714
49.1 0.998714
49.3 0.998724
49.5 0.998724
49.7 0.998756
49.9 0.998766
50.1 0.998777
50.3 0.998787
50.5 0.998808
50.7 0.998808
50.9 0.998829
51.1 0.998839
51.3 0.998839
51.5 0.998839
51.7 0.99885
51.9 0.99886
52.1 0.99886
52.3 0.998871
52.5 0.998871
52.7 0.998871
52.9 0.998902
53.1 0.998923
53.3 0.998923
53.5 0.998933
53.7 0.998933
53.9 0.998944
54.1 0.998954
54.3 0.998965
54.5 0.998975
54.7 0.998975
54.9 0.998975
55.1 0.998975
55.3 0.998975
55.5 0.998986
55.7 0.998986
55.9 0.998996
56.1 0.998996
56.3 0.998996
56.5 0.998996
56.7 0.999007
56.9 0.999007
57.1 0.999007
57.3 0.999007
57.5 0.999017
57.7 0.999017
57.9 0.999028
58.1 0.999028
58.3 0.999038
58.5 0.999048
58.7 0.999048
58.9 0.999059
59.1 0.999069
59.3 0.999069
59.5 0.999069
59.7 0.999069
59.9 0.999069
60.1 0.999069
60.3 0.999069
60.5 0.999069
60.7 0.999069
60.9 0.999069
61.1 0.999069
61.3 0.99908
61.5 0.99908
61.7 0.99909
61.9 0.999111
62.1 0.999111
62.3 0.999122
62.5 0.999122
62.7 0.999122
62.9 0.999122
63.1 0.999122
63.3 0.999132
63.5 0.999132
63.7 0.999132
63.9 0.999143
64.1 0.999143
64.3 0.999143
64.5 0.999143
64.7 0.999143
64.9 0.999143
65.1 0.999153
65.3 0.999164
65.5 0.999164
65.7 0.999174
65.9 0.999184
66.1 0.999184
66.3 0.999195
66.5 0.999216
66.7 0.999247
66.9 0.999247
67.1 0.999247
67.3 0.999247
67.5 0.999247
67.7 0.999258
67.9 0.999258
68.1 0.999258
68.3 0.999289
68.5 0.999289
68.7 0.999289
68.9 0.999299
69.1 0.999299
69.3 0.999299
69.5 0.99931
69.7 0.99931
69.9 0.99932
70.1 0.999341
70.3 0.999341
70.5 0.999341
70.7 0.999352
70.9 0.999352
71.1 0.999352
71.3 0.999352
71.5 0.999352
71.7 0.999352
71.9 0.999362
72.1 0.999373
72.3 0.999373
72.5 0.999383
72.7 0.999383
72.9 0.999383
73.1 0.999404
73.3 0.999425
73.5 0.999425
73.7 0.999425
73.9 0.999425
74.1 0.999425
74.3 0.999425
74.5 0.999425
74.7 0.999425
74.9 0.999425
75.1 0.999435
75.3 0.999435
75.5 0.999456
75.7 0.999456
75.9 0.999467
76.1 0.999477
76.3 0.999477
76.5 0.999477
76.7 0.999477
76.9 0.999477
77.1 0.999488
77.3 0.999488
77.5 0.999509
77.7 0.999509
77.9 0.999509
78.1 0.999509
78.3 0.999509
78.5 0.999509
78.7 0.999509
78.9 0.999509
79.1 0.999509
79.3 0.999509
79.5 0.999509
79.7 0.999509
79.9 0.999519
80.1 0.999519
80.3 0.999529
80.5 0.999529
80.7 0.999529
80.9 0.99954
81.1 0.99954
81.3 0.99954
81.5 0.99954
81.7 0.99954
81.9 0.99955
82.1 0.999561
82.3 0.999571
82.5 0.999582
82.7 0.999592
82.9 0.999592
83.1 0.999613
83.3 0.999613
83.5 0.999624
83.7 0.999624
83.9 0.999624
84.1 0.999624
84.3 0.999624
84.5 0.999665
84.7 0.999676
84.9 0.999686
85.1 0.999697
85.3 0.999697
85.5 0.999697
85.7 0.999697
85.9 0.999697
86.1 0.999707
86.3 0.999718
86.5 0.999739
86.7 0.999749
86.9 0.999749
87.1 0.999749
87.3 0.999749
87.5 0.999749
87.7 0.999749
87.9 0.999749
88.1 0.999749
88.3 0.999749
88.5 0.99976
88.7 0.99976
88.9 0.99976
89.1 0.99978
89.3 0.999791
89.5 0.999791
89.7 0.999801
89.9 0.999801
90.1 0.999812
90.3 0.999812
90.5 0.999812
90.7 0.999812
90.9 0.999812
91.1 0.999812
91.3 0.999812
91.5 0.999812
91.7 0.999812
91.9 0.999812
92.1 0.999833
92.3 0.999833
92.5 0.999843
92.7 0.999843
92.9 0.999854
93.1 0.999854
93.3 0.999864
93.5 0.999875
93.7 0.999895
93.9 0.999895
94.1 0.999895
94.3 0.999895
94.5 0.999895
94.7 0.999895
94.9 0.999895
95.1 0.999895
95.3 0.999906
95.5 0.999916
95.7 0.999927
95.9 0.999927
96.1 0.999927
96.3 0.999927
96.5 0.999927
96.7 0.999927
96.9 0.999927
97.1 0.999937
97.3 0.999948
97.5 0.999958
97.7 0.999969
97.9 0.999969
98.1 0.999969
98.3 0.999969
98.5 0.999969
98.7 0.999979
98.9 0.999979
99.1 0.999979
99.3 0.999979
99.5 0.999979
99.7 0.99999
99.9 0.99999
100.1 1
