80.1 0
80.3 0
80.5 0
80.7 0
80.9 0
81.1 0
81.3 0
81.5 0
81.7 0
81.9 0
82.1 0
82.3 0
82.5 0
82.7 0
82.9 0
83.1 0
83.3 0
83.5 0
83.7 0
83.9 0
84.1 0
84.3 0
84.5 0
84.7 0
84.9 0
85.1 0
85.3 0
85.5 0
85.7 0
85.9 0
86.1 0
86.3 0
86.5 0
86.7 0
86.9 0
87.1 0
87.3 0
87.5 0
87.7 0
87.9 0
88.1 0
88.3 0
88.5 0
88.7 0
88.9 0
89.1 0
89.3 0
89.5 0
89.7 0
89.9 0
90.1 0
90.3 0
90.5 0
90.7 0
90.9 0
91.1 0
91.3 0
91.5 0
91.7 0
91.9 0
92.1 0
92.3 0
92.5 0
92.7 0
92.9 0
93.1 0
93.3 0
93.5 0
93.7 0
93.9 0
94.1 0
94.3 0
94.5 0
94.7 0
94.9 0
95.1 0
95.3 0
95.5 0
95.7 0
95.9 0
96.1 0
96.3 0
96.5 0
96.7 0
96.9 0
97.1 0
97.3 0
97.5 0
97.7 0
97.9 0
98.1 0
98.3 0
98.5 0
98.7 0
98.9 0
99.1 0
99.3 0
99.5 0
99.7 0
99.9 0
100.1 0
100.3 0
100.5 0
100.7 0
100.9 0
101.1 0
101.3 0
101.5 0
101.7 0
101.9 0
102.1 0
102.3 0
102.5 0
102.7 0
102.9 0
103.1 0
103.3 0
103.5 0
103.7 0
103.9 0
104.1 0
104.3 0
104.5 0
104.7 0
104.9 0
105.1 0
105.3 0
105.5 0
105.7 0
105.9 0
106.1 0
106.3 0
106.5 0
106.7 0
106.9 0
107.1 0
107.3 0
107.5 0
107.7 0
107.9 0
108.1 0
108.3 0
108.5 0
108.7 0
108.9 0
109.1 0
109.3 0
109.5 0
109.7 0
109.9 0
110.1 0
110.3 0
110.5 0
110.7 0
110.9 0
111.1 0
111.3 0
111.5 0
111.7 0
111.9 0
112.1 0
112.3 0
112.5 0
112.7 0
112.9 0
113.1 0
113.3 0
113.5 0
113.7 0
113.9 0
114.1 0
114.3 0
114.5 0
114.7 0
114.9 0
115.1 0
115.3 0
115.5 0
115.7 0
115.9 0
116.1 0
116.3 0
116.5 0
116.7 0
116.9 0
117.1 0
117.3 0
117.5 0
117.7 0
117.9 0
118.1 0
118.3 0
118.5 0
118.7 0
118.9 0
119.1 0
119.3 0
119.5 0
119.7 0
119.9 0
120.1 0
120.3 0
120.5 0
120.7 0
120.9 0
121.1 0
121.3 0
121.5 0
121.7 0
121.9 0
122.1 0
122.3 0
122.5 0
122.7 0
122.9 0
123.1 0
123.3 0
123.5 0
123.7 0
123.9 0
124.1 0
124.3 0
124.5 0
124.7 0
124.9 0
125.1 0
125.3 0
125.5 0
125.7 0
125.9 0
126.1 0
126.3 0
126.5 0
126.7 0
126.9 0
127.1 0
127.3 0
127.5 1
127.7 1
127.9 0
128.1 0
128.3 0
128.5 0
128.7 0
128.9 1
129.1 0
129.3 0
129.5 0
129.7 1
129.9 0
130.1 0
130.3 3
130.5 3
130.7 2
130.9 3
131.1 2
131.3 7
131.5 7
131.7 13
131.9 13
132.1 12
132.3 20
132.5 30
132.7 32
132.9 37
133.1 56
133.3 57
133.5 80
133.7 99
133.9 94
134.1 118
134.3 135
134.5 146
134.7 163
134.9 141
135.1 195
135.3 164
135.5 178
135.7 191
135.9 196
136.1 196
136.3 188
136.5 217
136.7 199
136.9 185
137.1 197
137.3 194
137.5 183
137.7 198
137.9 173
138.1 174
138.3 187
138.5 184
138.7 164
138.9 174
139.1 170
139.3 152
139.5 161
139.7 144
139.9 165
140.1 138
140.3 170
140.5 147
140.7 144
140.9 180
141.1 181
141.3 131
141.5 140
141.7 127
141.9 128
142.1 125
142.3 152
142.5 159
142.7 126
142.9 135
143.1 134
143.3 136
143.5 144
143.7 144
143.9 126
144.1 146
144.3 136
144.5 137
144.7 133
144.9 137
145.1 132
145.3 122
145.5 119
145.7 156
145.9 132
146.1 129
146.3 144
146.5 125
146.7 132
146.9 119
147.1 122
147.3 127
147.5 129
147.7 130
147.9 138
148.1 112
148.3 122
148.5 133
148.7 148
148.9 119
149.1 131
149.3 138
149.5 110
149.7 115
149.9 135
150.1 114
150.3 141
150.5 114
150.7 126
150.9 127
151.1 126
151.3 115
151.5 115
151.7 112
151.9 127
152.1 97
152.3 127
152.5 126
152.7 108
152.9 105
153.1 118
153.3 120
153.5 107
153.7 107
153.9 95
154.1 101
154.3 108
154.5 111
154.7 106
154.9 118
155.1 115
155.3 114
155.5 102
155.7 114
155.9 94
156.1 114
156.3 117
156.5 98
156.7 89
156.9 104
157.1 123
157.3 107
157.5 94
157.7 112
157.9 109
158.1 113
158.3 94
158.5 102
158.7 100
158.9 103
159.1 104
159.3 90
159.5 122
159.7 89
159.9 97
160.1 95
160.3 88
160.5 85
160.7 81
160.9 105
161.1 103
161.3 98
161.5 99
161.7 111
161.9 87
162.1 106
162.3 94
162.5 99
162.7 109
162.9 85
163.1 97
163.3 107
163.5 106
163.7 98
163.9 102
164.1 97
164.3 101
164.5 91
164.7 76
164.9 82
165.1 106
165.3 91
165.5 99
165.7 105
165.9 78
166.1 92
166.3 85
166.5 99
166.7 94
166.9 93
167.1 93
167.3 90
167.5 110
167.7 71
167.9 95
168.1 79
168.3 95
168.5 86
168.7 102
168.9 82
169.1 101
169.3 86
169.5 86
169.7 91
169.9 92
170.1 96
170.3 98
170.5 91
170.7 77
170.9 70
171.1 103
171.3 86
171.5 93
171.7 92
171.9 74
172.1 90
172.3 93
172.5 99
172.7 94
172.9 88
173.1 111
173.3 88
173.5 84
173.7 93
173.9 95
174.1 96
174.3 97
174.5 81
174.7 85
174.9 76
175.1 96
175.3 107
175.5 99
175.7 88
175.9 74
176.1 97
176.3 81
176.5 103
176.7 110
176.9 91
177.1 98
177.3 101
177.5 100
177.7 99
177.9 106
178.1 87
178.3 113
178.5 109
178.7 94
178.9 77
179.1 85
179.3 88
179.5 82
179.7 88
179.9 86
180.1 97
180.3 92
180.5 95
180.7 85
180.9 96
181.1 77
181.3 93
181.5 107
181.7 74
181.9 93
182.1 97
182.3 90
182.5 89
182.7 78
182.9 88
183.1 80
183.3 97
183.5 76
183.7 84
183.9 94
184.1 84
184.3 98
184.5 99
184.7 84
184.9 77
185.1 117
185.3 87
185.5 94
185.7 103
185.9 95
186.1 78
186.3 77
186.5 88
186.7 90
186.9 97
187.1 91
187.3 96
187.5 108
187.7 89
187.9 95
188.1 126
188.3 93
188.5 84
188.7 81
188.9 93
189.1 91
189.3 77
189.5 88
189.7 82
189.9 85
190.1 93
190.3 83
190.5 75
190.7 98
190.9 90
191.1 84
191.3 95
191.5 84
191.7 95
191.9 93
192.1 93
192.3 93
192.5 95
192.7 90
192.9 105
193.1 91
193.3 93
193.5 97
193.7 87
193.9 92
194.1 91
194.3 69
194.5 89
194.7 89
194.9 101
195.1 77
195.3 100
195.5 88
195.7 104
195.9 112
196.1 93
196.3 93
196.5 76
196.7 92
196.9 84
197.1 80
197.3 87
197.5 97
197.7 106
197.9 93
198.1 93
198.3 106
198.5 111
198.7 88
198.9 95
199.1 93
199.3 109
199.5 106
199.7 86
199.9 99
200.1 77
200.3 96
200.5 90
200.7 96
200.9 106
201.1 84
201.3 91
201.5 78
201.7 94
201.9 93
202.1 87
202.3 72
202.5 94
202.7 93
202.9 77
203.1 83
203.3 84
203.5 82
203.7 82
203.9 101
204.1 103
204.3 71
204.5 92
204.7 87
204.9 94
205.1 95
205.3 112
205.5 92
205.7 94
205.9 81
206.1 81
206.3 96
206.5 77
206.7 95
206.9 94
207.1 96
207.3 102
207.5 100
207.7 92
207.9 92
208.1 89
208.3 85
208.5 98
208.7 107
208.9 87
209.1 88
209.3 90
209.5 83
209.7 86
209.9 71
210.1 82
210.3 78
210.5 75
210.7 105
210.9 107
211.1 71
211.3 94
211.5 86
211.7 113
211.9 87
212.1 88
212.3 96
212.5 97
212.7 90
212.9 92
213.1 90
213.3 114
213.5 99
213.7 88
213.9 75
214.1 74
214.3 86
214.5 81
214.7 112
214.9 104
215.1 93
215.3 87
215.5 86
215.7 82
215.9 96
216.1 81
216.3 100
216.5 95
216.7 84
216.9 81
217.1 99
217.3 90
217.5 92
217.7 107
217.9 90
218.1 98
218.3 96
218.5 101
218.7 85
218.9 81
219.1 99
219.3 90
219.5 114
219.7 86
219.9 83
220.1 102
220.3 105
220.5 96
220.7 95
220.9 85
221.1 90
221.3 80
221.5 101
221.7 73
221.9 86
222.1 106
222.3 110
222.5 85
222.7 87
222.9 81
223.1 92
223.3 93
223.5 103
223.7 94
223.9 95
224.1 81
224.3 90
224.5 107
224.7 88
224.9 86
225.1 95
225.3 104
225.5 92
225.7 98
225.9 95
226.1 86
226.3 90
226.5 96
226.7 81
226.9 93
227.1 87
227.3 80
227.5 88
227.7 73
227.9 93
228.1 80
228.3 74
228.5 78
228.7 99
228.9 72
229.1 77
229.3 96
229.5 71
229.7 79
229.9 108
230.1 107
230.3 90
230.5 79
230.7 72
230.9 77
231.1 88
231.3 91
231.5 98
231.7 98
231.9 100
232.1 96
232.3 83
232.5 74
232.7 83
232.9 87
233.1 95
233.3 98
233.5 82
233.7 88
233.9 82
234.1 92
234.3 86
234.5 102
234.7 80
234.9 91
235.1 96
235.3 91
235.5 80
235.7 88
235.9 102
236.1 84
236.3 66
236.5 74
236.7 89
236.9 94
237.1 102
237.3 91
237.5 85
237.7 80
237.9 77
238.1 96
238.3 92
238.5 92
238.7 88
238.9 86
239.1 84
239.3 106
239.5 90
239.7 95
239.9 89
240.1 70
240.3 105
240.5 95
240.7 87
240.9 97
241.1 69
241.3 91
241.5 92
241.7 102
241.9 89
242.1 81
242.3 86
242.5 83
242.7 88
242.9 88
243.1 102
243.3 95
243.5 82
243.7 96
243.9 94
244.1 92
244.3 76
244.5 98
244.7 92
244.9 107
245.1 91
245.3 94
245.5 78
245.7 93
245.9 77
246.1 75
246.3 89
246.5 97
246.7 90
246.9 111
247.1 89
247.3 93
247.5 94
247.7 96
247.9 88
248.1 86
248.3 100
248.5 71
248.7 95
248.9 81
249.1 74
249.3 75
249.5 88
249.7 113
249.9 96
250.1 92
250.3 101
250.5 92
250.7 89
250.9 76
251.1 92
251.3 96
251.5 90
251.7 78
251.9 84
252.1 95
252.3 98
252.5 99
252.7 110
252.9 87
253.1 86
253.3 99
253.5 81
253.7 114
253.9 107
254.1 86
254.3 83
254.5 75
254.7 78
254.9 77
255.1 102
255.3 79
255.5 91
255.7 99
255.9 82
256.1 86
256.3 105
256.5 89
256.7 115
256.9 100
257.1 87
257.3 87
257.5 105
257.7 88
257.9 91
258.1 85
258.3 87
258.5 76
258.7 78
258.9 95
259.1 80
259.3 97
259.5 91
259.7 88
259.9 100
260.1 87
260.3 91
260.5 99
260.7 80
260.9 78
261.1 99
261.3 92
261.5 89
261.7 92
261.9 87
262.1 83
262.3 117
262.5 80
262.7 87
262.9 99
263.1 101
263.3 93
263.5 73
263.7 95
263.9 100
264.1 86
264.3 79
264.5 99
264.7 103
264.9 100
265.1 77
265.3 108
265.5 96
265.7 101
265.9 97
266.1 92
266.3 90
266.5 84
266.7 75
266.9 98
267.1 97
267.3 81
267.5 100
267.7 96
267.9 101
268.1 87
268.3 116
268.5 92
268.7 92
268.9 82
269.1 82
269.3 87
269.5 69
269.7 88
269.9 87
270.1 88
270.3 99
270.5 86
270.7 95
270.9 76
271.1 90
271.3 92
271.5 82
271.7 74
271.9 97
272.1 100
272.3 82
272.5 97
272.7 82
272.9 85
273.1 83
273.3 97
273.5 87
273.7 95
273.9 84
274.1 97
274.3 109
274.5 93
274.7 83
274.9 97
275.1 98
275.3 80
275.5 105
275.7 96
275.9 72
276.1 91
276.3 107
276.5 95
276.7 83
276.9 84
277.1 81
277.3 96
277.5 88
277.7 78
277.9 86
278.1 92
278.3 105
278.5 95
278.7 97
278.9 88
279.1 92
279.3 70
279.5 86
279.7 79
279.9 84
280.1 102
280.3 107
280.5 91
280.7 76
280.9 79
281.1 89
281.3 94
281.5 103
281.7 80
281.9 92
282.1 92
282.3 83
282.5 89
282.7 94
282.9 99
283.1 102
283.3 102
283.5 102
283.7 88
283.9 84
284.1 90
284.3 95
284.5 86
284.7 110
284.9 88
285.1 100
285.3 83
285.5 88
285.7 92
285.9 81
286.1 77
286.3 101
286.5 106
286.7 79
286.9 90
287.1 82
287.3 91
287.5 79
287.7 80
287.9 91
288.1 96
288.3 81
288.5 94
288.7 97
288.9 95
289.1 78
289.3 88
289.5 98
289.7 75
289.9 87
290.1 81
290.3 78
290.5 80
290.7 89
290.9 116
291.1 85
291.3 102
291.5 95
291.7 94
291.9 82
292.1 99
292.3 96
292.5 88
292.7 100
292.9 76
293.1 86
293.3 80
293.5 90
293.7 105
293.9 88
294.1 93
294.3 73
294.5 98
294.7 97
294.9 100
295.1 92
295.3 92
295.5 92
295.7 107
295.9 96
296.1 94
296.3 82
296.5 101
296.7 95
296.9 87
297.1 87
297.3 79
297.5 107
297.7 106
297.9 92
298.1 92
298.3 95
298.5 76
298.7 95
298.9 83
299.1 101
299.3 83
299.5 89
299.7 89
299.9 80
300.1 95
300.3 99
300.5 98
300.7 87
300.9 87
301.1 80
301.3 94
301.5 95
301.7 77
301.9 92
302.1 94
302.3 87
302.5 88
302.7 71
302.9 77
303.1 79
303.3 78
303.5 91
303.7 79
303.9 83
304.1 105
304.3 85
304.5 86
304.7 90
304.9 103
305.1 83
305.3 92
305.5 79
305.7 85
305.9 73
306.1 83
306.3 128
306.5 96
306.7 112
306.9 95
307.1 112
307.3 86
307.5 91
307.7 90
307.9 101
308.1 92
308.3 90
308.5 73
308.7 90
308.9 95
309.1 72
309.3 77
309.5 102
309.7 89
309.9 72
310.1 86
310.3 90
310.5 83
310.7 86
310.9 95
311.1 87
311.3 88
311.5 81
311.7 94
311.9 91
312.1 103
312.3 89
312.5 99
312.7 88
312.9 83
313.1 80
313.3 95
313.5 98
313.7 94
313.9 83
314.1 89
314.3 97
314.5 91
314.7 92
314.9 109
315.1 95
315.3 101
315.5 93
315.7 91
315.9 80
316.1 90
316.3 91
316.5 90
316.7 84
316.9 93
317.1 82
317.3 86
317.5 87
317.7 83
317.9 83
318.1 100
318.3 96
318.5 87
318.7 91
318.9 84
319.1 81
319.3 74
319.5 91
319.7 103
319.9 77
320.1 87
320.3 98
320.5 85
320.7 90
320.9 88
321.1 86
321.3 90
321.5 93
321.7 81
321.9 73
322.1 84
322.3 99
322.5 85
322.7 81
322.9 92
323.1 106
323.3 101
323.5 90
323.7 105
323.9 87
324.1 77
324.3 90
324.5 87
324.7 92
324.9 102
325.1 104
325.3 93
325.5 81
325.7 91
325.9 92
326.1 80
326.3 106
326.5 97
326.7 100
326.9 99
327.1 99
327.3 83
327.5 89
327.7 84
327.9 93
328.1 101
328.3 83
328.5 92
328.7 80
328.9 85
329.1 83
329.3 103
329.5 90
329.7 102
329.9 100
330.1 87
330.3 92
330.5 96
330.7 82
330.9 83
331.1 74
331.3 82
331.5 97
331.7 95
331.9 98
332.1 102
332.3 94
332.5 88
332.7 86
332.9 90
333.1 109
333.3 92
333.5 82
333.7 81
333.9 91
334.1 78
334.3 96
334.5 101
334.7 87
334.9 87
335.1 80
335.3 87
335.5 98
335.7 83
335.9 86
336.1 79
336.3 85
336.5 95
336.7 91
336.9 83
337.1 66
337.3 80
337.5 86
337.7 86
337.9 85
338.1 72
338.3 87
338.5 94
338.7 83
338.9 99
339.1 102
339.3 99
339.5 90
339.7 83
339.9 89
340.1 92
340.3 93
340.5 79
340.7 78
340.9 92
341.1 82
341.3 88
341.5 87
341.7 98
341.9 68
342.1 84
342.3 94
342.5 74
342.7 98
342.9 84
343.1 106
343.3 72
343.5 83
343.7 95
343.9 83
344.1 92
344.3 79
344.5 74
344.7 86
344.9 94
345.1 75
345.3 70
345.5 88
345.7 75
345.9 97
346.1 81
346.3 76
346.5 74
346.7 82
346.9 77
347.1 89
347.3 88
347.5 101
347.7 82
347.9 85
348.1 83
348.3 65
348.5 97
348.7 76
348.9 72
349.1 90
349.3 82
349.5 76
349.7 84
349.9 82
350.1 73
350.3 90
350.5 70
350.7 75
350.9 71
351.1 68
351.3 56
351.5 74
351.7 73
351.9 61
352.1 71
352.3 57
352.5 76
352.7 61
352.9 57
353.1 67
353.3 56
353.5 59
353.7 69
353.9 64
354.1 67
354.3 61
354.5 58
354.7 52
354.9 51
355.1 54
355.3 63
355.5 59
355.7 60
355.9 44
356.1 42
356.3 67
356.5 45
356.7 51
356.9 46
357.1 54
357.3 46
357.5 45
357.7 50
357.9 49
358.1 58
358.3 40
358.5 30
358.7 49
358.9 43
359.1 48
359.3 38
359.5 46
359.7 36
359.9 41
360.1 39
360.3 30
360.5 35
360.7 46
360.9 33
361.1 36
361.3 28
361.5 33
361.7 28
361.9 22
362.1 33
362.3 26
362.5 27
362.7 31
362.9 25
363.1 27
363.3 24
363.5 26
363.7 30
363.9 30
364.1 37
364.3 15
364.5 16
364.7 17
364.9 16
365.1 20
365.3 16
365.5 14
365.7 17
365.9 14
366.1 24
366.3 14
366.5 15
366.7 15
366.9 14
367.1 6
367.3 11
367.5 4
367.7 10
367.9 9
368.1 12
368.3 8
368.5 7
368.7 8
368.9 8
369.1 8
369.3 5
369.5 7
369.7 5
369.9 7
370.1 4
370.3 3
370.5 2
370.7 5
370.9 6
371.1 7
371.3 3
371.5 2
371.7 0
371.9 3
372.1 4
372.3 5
372.5 3
372.7 2
372.9 5
373.1 2
373.3 4
373.5 1
373.7 0
373.9 2
374.1 3
374.3 0
374.5 2
374.7 1
374.9 2
375.1 1
375.3 0
375.5 0
375.7 1
375.9 2
376.1 1
376.3 2
376.5 0
376.7 0
376.9 1
377.1 1
377.3 0
377.5 0
377.7 1
377.9 2
378.1 0
378.3 0
378.5 0
378.7 1
378.9 4
379.1 1
379.3 0
379.5 0
379.7 0
379.9 0
380.1 1
380.3 1
380.5 0
380.7 0
380.9 0
381.1 0
381.3 1
381.5 0
381.7 0
381.9 0
382.1 0
382.3 0
382.5 2
382.7 0
382.9 2
383.1 0
383.3 0
383.5 3
383.7 1
383.9 0
384.1 1
384.3 2
384.5 0
384.7 0
384.9 0
385.1 1
385.3 1
385.5 1
385.7 1
385.9 1
386.1 0
386.3 0
386.5 1
386.7 1
386.9 2
387.1 0
387.3 0
387.5 1
387.7 0
387.9 1
388.1 1
388.3 0
388.5 0
388.7 1
388.9 0
389.1 0
389.3 0
389.5 0
389.7 0
389.9 1
390.1 0
390.3 0
390.5 0
390.7 0
390.9 0
391.1 0
391.3 0
391.5 2
391.7 0
391.9 0
392.1 1
392.3 1
392.5 0
392.7 0
392.9 1
393.1 0
393.3 1
393.5 0
393.7 1
393.9 4
394.1 1
394.3 0
394.5 1
394.7 0
394.9 0
395.1 1
395.3 1
395.5 1
395.7 0
395.9 0
396.1 2
396.3 0
396.5 0
396.7 1
396.9 1
397.1 2
397.3 0
397.5 0
397.7 2
397.9 1
398.1 0
398.3 2
398.5 0
398.7 0
398.9 1
399.1 0
399.3 0
399.5 0
399.7 0
399.9 2
400.1 3
400.3 0
400.5 0
400.7 0
400.9 0
401.1 0
401.3 1
401.5 2
401.7 1
401.9 1
402.1 1
402.3 1
402.5 1
402.7 0
402.9 0
403.1 0
403.3 0
403.5 1
403.7 1
403.9 1
404.1 1
404.3 0
404.5 1
404.7 0
404.9 0
405.1 3
405.3 1
405.5 1
405.7 0
405.9 0
406.1 2
406.3 0
406.5 1
406.7 1
406.9 0
407.1 1
407.3 1
407.5 1
407.7 0
407.9 4
408.1 2
408.3 3
408.5 0
408.7 2
408.9 2
409.1 1
409.3 1
409.5 0
409.7 0
409.9 0
410.1 1
410.3 0
410.5 0
410.7 1
410.9 0
411.1 0
411.3 0
411.5 0
411.7 0
411.9 2
412.1 0
412.3 1
412.5 1
412.7 1
412.9 1
413.1 0
413.3 0
413.5 0
413.7 0
413.9 0
414.1 1
414.3 1
414.5 0
414.7 1
414.9 1
415.1 0
415.3 2
415.5 1
415.7 0
415.9 1
416.1 0
416.3 0
416.5 1
416.7 2
416.9 1
417.1 1
417.3 1
417.5 1
417.7 0
417.9 0
418.1 0
418.3 2
418.5 0
418.7 0
418.9 0
419.1 0
419.3 2
419.5 0
419.7 2
419.9 0
420.1 1
420.3 0
420.5 2
420.7 0
420.9 0
421.1 3
421.3 0
421.5 0
421.7 1
421.9 0
422.1 1
422.3 0
422.5 1
422.7 1
422.9 0
423.1 1
423.3 1
423.5 0
423.7 1
423.9 0
424.1 1
424.3 1
424.5 0
424.7 1
424.9 1
425.1 0
425.3 0
425.5 0
425.7 0
425.9 0
426.1 0
426.3 0
426.5 1
426.7 1
426.9 1
427.1 0
427.3 1
427.5 1
427.7 1
427.9 1
428.1 0
428.3 0
428.5 0
428.7 1
428.9 1
429.1 1
429.3 0
429.5 1
429.7 0
429.9 1
430.1 0
430.3 0
430.5 0
430.7 0
430.9 0
431.1 0
431.3 0
431.5 0
431.7 0
431.9 0
432.1 2
432.3 0
432.5 1
432.7 0
432.9 1
433.1 0
433.3 0
433.5 1
433.7 0
433.9 0
434.1 1
434.3 0
434.5 1
434.7 0
434.9 1
435.1 1
435.3 1
435.5 1
435.7 0
435.9 0
436.1 1
436.3 2
436.5 0
436.7 1
436.9 0
437.1 0
437.3 0
437.5 0
437.7 0
437.9 1
438.1 1
438.3 3
438.5 0
438.7 0
438.9 0
439.1 1
439.3 0
439.5 0
439.7 0
439.9 1
440.1 0
440.3 1
440.5 1
440.7 1
440.9 1
441.1 0
441.3 1
441.5 0
441.7 1
441.9 0
442.1 0
442.3 0
442.5 1
442.7 0
442.9 0
443.1 0
443.3 1
443.5 1
443.7 0
443.9 2
444.1 0
444.3 0
444.5 0
444.7 1
444.9 1
445.1 2
445.3 0
445.5 0
445.7 0
445.9 1
446.1 0
446.3 3
446.5 1
446.7 0
446.9 1
447.1 0
447.3 0
447.5 0
447.7 0
447.9 0
448.1 0
448.3 0
448.5 0
448.7 0
448.9 1
449.1 0
449.3 1
449.5 0
449.7 0
449.9 1
